G3dErrFileVersion 2025R1
FlagFileMetaData Begin
   Mesh Size - Setup, Refinement, Pass #1, Freq. 4.000000e+09 :Title    
   Listing of mesh elements with poor quality. :ToolTip  
   hf3d :Author   
   1768923190 :TimeStamp
   mm :UnitName 
   1.0000000000000000e-03 :UnitConv
FlagFileMetaData End
BEGIN_ERR 
26 Small mesh segment detected on body : main
 Small mesh segment detected on body : main 
 Segment Statistics - Number of Segments : 1 --- Segment length(s) : 0.001980mm 
1 -1  # nfids, fids[]
1 141  # nbids, bids[]
      6 0 1 0 #ntets ntri ned npts
           7.1135419425890096e-03  -1.1329209112205130e-02   0.0000000000000000e+00 #xyz tv0
           2.5123500821846376e-03  -1.2322207695799923e-02  -1.7145488458221317e-03 #xyz tv1
           1.8080639029528652e-03  -1.1624781660580868e-02   0.0000000000000000e+00 #xyz tv2
           5.0000000000000001e-03  -1.5000000000000003e-02   0.0000000000000000e+00 -1 141 #xyz tv3 fid bid
           2.5123500821846376e-03  -1.2322207695799923e-02  -1.7145488458221317e-03 #xyz tv0
           1.8080639029528652e-03  -1.1624781660580868e-02   0.0000000000000000e+00 #xyz tv1
           5.0000000000000001e-03  -1.5000000000000003e-02   0.0000000000000000e+00 #xyz tv2
           0.0000000000000000e+00  -1.5000000000000003e-02   0.0000000000000000e+00 -1 141 #xyz tv3 fid bid
           4.0884461052775982e-03  -7.9328921750106522e-03   0.0000000000000000e+00 #xyz tv0
           7.1135419425890096e-03  -1.1329209112205130e-02   0.0000000000000000e+00 #xyz tv1
           2.5123500821846376e-03  -1.2322207695799923e-02  -1.7145488458221317e-03 #xyz tv2
           1.8080639029528652e-03  -1.1624781660580868e-02   0.0000000000000000e+00 -1 141 #xyz tv3 fid bid
           0.0000000000000000e+00  -1.5000000000000003e-02   0.0000000000000000e+00 #xyz tv0
          -1.9612381485748886e-03  -1.1514057219670052e-02   0.0000000000000000e+00 #xyz tv1
           2.5123500821846376e-03  -1.2322207695799923e-02  -1.7145488458221317e-03 #xyz tv2
           1.8080639029528652e-03  -1.1624781660580868e-02   0.0000000000000000e+00 -1 141 #xyz tv3 fid bid
           4.0884461052775982e-03  -7.9328921750106522e-03   0.0000000000000000e+00 #xyz tv0
           2.5123500821846376e-03  -1.2322207695799923e-02  -1.7145488458221317e-03 #xyz tv1
           9.4798251805902080e-05  -7.0855145276686807e-03  -1.9731049093058206e-03 #xyz tv2
           1.8080639029528652e-03  -1.1624781660580868e-02   0.0000000000000000e+00 -1 141 #xyz tv3 fid bid
          -1.9612381485748886e-03  -1.1514057219670052e-02   0.0000000000000000e+00 #xyz tv0
           9.4798251805902080e-05  -7.0855145276686807e-03  -1.9731049093058206e-03 #xyz tv1
           2.5123500821846376e-03  -1.2322207695799923e-02  -1.7145488458221317e-03 #xyz tv2
           1.8080639029528652e-03  -1.1624781660580868e-02   0.0000000000000000e+00 -1 141 #xyz tv3 fid bid
           2.5123500821846376e-03  -1.2322207695799923e-02  -1.7145488458221317e-03 #xyz ev0
           1.8080639029528652e-03  -1.1624781660580868e-02   0.0000000000000000e+00 -1 141 #xyz ev1 fid bid
   0   0.000000000000e+00   0.000000000000e+00   0.000000000000e+00 #flag location
END_ERR 
G3dErrFileVersion 2025R1
FlagFileMetaData Begin
   Mesh Size - Setup, Refinement, Pass #2, Freq. 4.000000e+09 :Title    
   Listing of mesh elements with poor quality. :ToolTip  
   hf3d :Author   
   1768923191 :TimeStamp
   mm :UnitName 
   1.0000000000000000e-03 :UnitConv
FlagFileMetaData End
BEGIN_ERR 
26 Small mesh segment detected on body : main
 Small mesh segment detected on body : main 
 Segment Statistics - Number of Segments : 1 --- Segment length(s) : 0.001965mm 
1 -1  # nfids, fids[]
1 141  # nbids, bids[]
      6 0 1 0 #ntets ntri ned npts
           6.9621086197180632e-03  -1.1349907940373952e-02   0.0000000000000000e+00 #xyz tv0
           2.7230137350916978e-03  -1.2140088438627471e-02  -1.6606458889941405e-03 #xyz tv1
           1.8080639029528652e-03  -1.1624781660580868e-02   0.0000000000000000e+00 #xyz tv2
           5.0000000000000001e-03  -1.5000000000000003e-02   0.0000000000000000e+00 -1 141 #xyz tv3 fid bid
           2.7230137350916978e-03  -1.2140088438627471e-02  -1.6606458889941405e-03 #xyz tv0
           1.8080639029528652e-03  -1.1624781660580868e-02   0.0000000000000000e+00 #xyz tv1
           5.0000000000000001e-03  -1.5000000000000003e-02   0.0000000000000000e+00 #xyz tv2
           0.0000000000000000e+00  -1.5000000000000003e-02   0.0000000000000000e+00 -1 141 #xyz tv3 fid bid
           4.2646608029041017e-03  -7.8035071332945728e-03   0.0000000000000000e+00 #xyz tv0
           6.9621086197180632e-03  -1.1349907940373952e-02   0.0000000000000000e+00 #xyz tv1
           2.7230137350916978e-03  -1.2140088438627471e-02  -1.6606458889941405e-03 #xyz tv2
           1.8080639029528652e-03  -1.1624781660580868e-02   0.0000000000000000e+00 -1 141 #xyz tv3 fid bid
           0.0000000000000000e+00  -1.5000000000000003e-02   0.0000000000000000e+00 #xyz tv0
          -1.9612381485748886e-03  -1.1514057219670052e-02   0.0000000000000000e+00 #xyz tv1
           2.7230137350916978e-03  -1.2140088438627471e-02  -1.6606458889941405e-03 #xyz tv2
           1.8080639029528652e-03  -1.1624781660580868e-02   0.0000000000000000e+00 -1 141 #xyz tv3 fid bid
           4.2646608029041017e-03  -7.8035071332945728e-03   0.0000000000000000e+00 #xyz tv0
           2.7230137350916978e-03  -1.2140088438627471e-02  -1.6606458889941405e-03 #xyz tv1
           9.4798251805902080e-05  -7.0855145276686807e-03  -1.9731049093058206e-03 #xyz tv2
           1.8080639029528652e-03  -1.1624781660580868e-02   0.0000000000000000e+00 -1 141 #xyz tv3 fid bid
          -1.9612381485748886e-03  -1.1514057219670052e-02   0.0000000000000000e+00 #xyz tv0
           9.4798251805902080e-05  -7.0855145276686807e-03  -1.9731049093058206e-03 #xyz tv1
           2.7230137350916978e-03  -1.2140088438627471e-02  -1.6606458889941405e-03 #xyz tv2
           1.8080639029528652e-03  -1.1624781660580868e-02   0.0000000000000000e+00 -1 141 #xyz tv3 fid bid
           2.7230137350916978e-03  -1.2140088438627471e-02  -1.6606458889941405e-03 #xyz ev0
           1.8080639029528652e-03  -1.1624781660580868e-02   0.0000000000000000e+00 -1 141 #xyz ev1 fid bid
   0   0.000000000000e+00   0.000000000000e+00   0.000000000000e+00 #flag location
END_ERR 
G3dErrFileVersion 2025R1
FlagFileMetaData Begin
   Mesh Size - Setup, Refinement, Pass #3, Freq. 4.000000e+09 :Title    
   Listing of mesh elements with poor quality. :ToolTip  
   hf3d :Author   
   1768923192 :TimeStamp
   mm :UnitName 
   1.0000000000000000e-03 :UnitConv
FlagFileMetaData End
BEGIN_ERR 
26 Small mesh segment detected on body : sample_holder
 Small mesh segment detected on body : sample_holder 
 Segment Statistics - Number of Segments : 1 --- Segment length(s) : 0.001595mm 
1 -1  # nfids, fids[]
1 169  # nbids, bids[]
      6 0 1 0 #ntets ntri ned npts
          -7.4337213781021805e-03  -8.0681726093819871e-04   0.0000000000000000e+00 #xyz tv0
          -6.7549929314556856e-03  -4.4105775565104653e-04   1.3962127037914413e-03 #xyz tv1
          -7.6496148638459261e-03   4.0937856018311803e-03   0.0000000000000000e+00 #xyz tv2
          -5.1593340334507524e-03   2.8417863279712905e-03   0.0000000000000000e+00 -1 169 #xyz tv3 fid bid
          -7.4337213781021805e-03  -8.0681726093819871e-04   0.0000000000000000e+00 #xyz tv0
          -7.6496148638459261e-03   4.0937856018311803e-03   0.0000000000000000e+00 #xyz tv1
          -6.7549929314556856e-03  -4.4105775565104653e-04   1.3962127037914413e-03 #xyz tv2
          -1.0000000000000000e-02   5.2742067491635730e-04   0.0000000000000000e+00 -1 169 #xyz tv3 fid bid
          -7.4337213781021805e-03  -8.0681726093819871e-04   0.0000000000000000e+00 #xyz tv0
          -6.7549929314556856e-03  -4.4105775565104653e-04   1.3962127037914413e-03 #xyz tv1
          -5.1593340334507524e-03   2.8417863279712905e-03   0.0000000000000000e+00 #xyz tv2
          -4.6649623541425260e-03  -2.0127363909800229e-03   0.0000000000000000e+00 -1 169 #xyz tv3 fid bid
          -7.4337213781021805e-03  -8.0681726093819871e-04   0.0000000000000000e+00 #xyz tv0
          -6.7549929314556856e-03  -4.4105775565104653e-04   1.3962127037914413e-03 #xyz tv1
          -1.0000000000000000e-02  -4.4849242363125090e-03   0.0000000000000000e+00 #xyz tv2
          -1.0000000000000000e-02   5.2742067491635730e-04   0.0000000000000000e+00 -1 169 #xyz tv3 fid bid
          -6.7915506592516267e-03  -6.0062554678510472e-03   0.0000000000000000e+00 #xyz tv0
          -6.7549929314556856e-03  -4.4105775565104653e-04   1.3962127037914413e-03 #xyz tv1
          -7.4337213781021805e-03  -8.0681726093819871e-04   0.0000000000000000e+00 #xyz tv2
          -4.6649623541425260e-03  -2.0127363909800229e-03   0.0000000000000000e+00 -1 169 #xyz tv3 fid bid
          -6.7915506592516267e-03  -6.0062554678510472e-03   0.0000000000000000e+00 #xyz tv0
          -7.4337213781021805e-03  -8.0681726093819871e-04   0.0000000000000000e+00 #xyz tv1
          -6.7549929314556856e-03  -4.4105775565104653e-04   1.3962127037914413e-03 #xyz tv2
          -1.0000000000000000e-02  -4.4849242363125090e-03   0.0000000000000000e+00 -1 169 #xyz tv3 fid bid
          -7.4337213781021805e-03  -8.0681726093819871e-04   0.0000000000000000e+00 #xyz ev0
          -6.7549929314556856e-03  -4.4105775565104653e-04   1.3962127037914413e-03 -1 169 #xyz ev1 fid bid
   0   0.000000000000e+00   0.000000000000e+00   0.000000000000e+00 #flag location
END_ERR 
G3dErrFileVersion 2025R1
FlagFileMetaData Begin
   Mesh Size - Setup, Refinement, Pass #4, Freq. 4.000000e+09 :Title    
   Listing of mesh elements with poor quality. :ToolTip  
   hf3d :Author   
   1768923193 :TimeStamp
   mm :UnitName 
   1.0000000000000000e-03 :UnitConv
FlagFileMetaData End
BEGIN_ERR 
26 Small mesh segment detected on body : sample_holder
 Small mesh segment detected on body : sample_holder 
 Segment Statistics - Number of Segments : 1 --- Segment length(s) : 0.001234mm 
1 -1  # nfids, fids[]
1 169  # nbids, bids[]
      4 0 1 0 #ntets ntri ned npts
          -8.2514947058860751e-03  -1.3077227655621802e-02   0.0000000000000000e+00 #xyz tv0
          -7.8216146945760921e-03  -1.2509595006434197e-02   1.0081766375433592e-03 #xyz tv1
          -1.0000000000000000e-02  -1.2370265840363576e-02   0.0000000000000000e+00 #xyz tv2
          -6.7201898813914690e-03  -1.1318692465188920e-02   0.0000000000000000e+00 -1 169 #xyz tv3 fid bid
          -8.2514947058860751e-03  -1.3077227655621802e-02   0.0000000000000000e+00 #xyz tv0
          -1.0000000000000000e-02  -1.2370265840363576e-02   0.0000000000000000e+00 #xyz tv1
          -7.8216146945760921e-03  -1.2509595006434197e-02   1.0081766375433592e-03 #xyz tv2
          -1.0000000000000000e-02  -1.5000000000000003e-02   0.0000000000000000e+00 -1 169 #xyz tv3 fid bid
          -8.2514947058860751e-03  -1.3077227655621802e-02   0.0000000000000000e+00 #xyz tv0
          -6.2107944488525389e-03  -1.5000000000000003e-02   0.0000000000000000e+00 #xyz tv1
          -7.8216146945760921e-03  -1.2509595006434197e-02   1.0081766375433592e-03 #xyz tv2
          -6.7201898813914690e-03  -1.1318692465188920e-02   0.0000000000000000e+00 -1 169 #xyz tv3 fid bid
          -8.2514947058860751e-03  -1.3077227655621802e-02   0.0000000000000000e+00 #xyz tv0
          -7.8216146945760921e-03  -1.2509595006434197e-02   1.0081766375433592e-03 #xyz tv1
          -6.2107944488525389e-03  -1.5000000000000003e-02   0.0000000000000000e+00 #xyz tv2
          -1.0000000000000000e-02  -1.5000000000000003e-02   0.0000000000000000e+00 -1 169 #xyz tv3 fid bid
          -8.2514947058860751e-03  -1.3077227655621802e-02   0.0000000000000000e+00 #xyz ev0
          -7.8216146945760921e-03  -1.2509595006434197e-02   1.0081766375433592e-03 -1 169 #xyz ev1 fid bid
   0   0.000000000000e+00   0.000000000000e+00   0.000000000000e+00 #flag location
END_ERR 
G3dErrFileVersion 2025R1
FlagFileMetaData Begin
   Mesh Size - Setup, Refinement, Pass #5, Freq. 4.000000e+09 :Title    
   Listing of mesh elements with poor quality. :ToolTip  
   hf3d :Author   
   1768923195 :TimeStamp
   mm :UnitName 
   1.0000000000000000e-03 :UnitConv
FlagFileMetaData End
BEGIN_ERR 
26 Small mesh segment detected on body : sample_holder
 Small mesh segment detected on body : sample_holder 
 Segment Statistics - Number of Segments : 1 --- Segment length(s) : 0.001167mm 
1 -1  # nfids, fids[]
1 169  # nbids, bids[]
      5 0 1 0 #ntets ntri ned npts
           1.7607963820330222e-03  -6.7384522864311971e-03   1.3173673714074433e-03 #xyz tv0
           5.9758380764932107e-04  -9.6339498179661559e-03   0.0000000000000000e+00 #xyz tv1
           3.1335449006822304e-03  -9.4469768539357461e-03   1.1499942928650409e-03 #xyz tv2
           3.1387239282100396e-03  -9.6477403320701198e-03   0.0000000000000000e+00 -1 169 #xyz tv3 fid bid
           5.9758380764932107e-04  -9.6339498179661559e-03   0.0000000000000000e+00 #xyz tv0
           3.1335449006822304e-03  -9.4469768539357461e-03   1.1499942928650409e-03 #xyz tv1
           3.1387239282100396e-03  -9.6477403320701198e-03   0.0000000000000000e+00 #xyz tv2
           1.8891703168448758e-03  -1.1688820908071180e-02   0.0000000000000000e+00 -1 169 #xyz tv3 fid bid
           1.7607963820330222e-03  -6.7384522864311971e-03   1.3173673714074433e-03 #xyz tv0
           3.1387239282100396e-03  -9.6477403320701198e-03   0.0000000000000000e+00 #xyz tv1
           3.1335449006822304e-03  -9.4469768539357461e-03   1.1499942928650409e-03 #xyz tv2
           4.6928904733354653e-03  -7.6718266613375191e-03   0.0000000000000000e+00 -1 169 #xyz tv3 fid bid
           3.1387239282100396e-03  -9.6477403320701198e-03   0.0000000000000000e+00 #xyz tv0
           3.1335449006822304e-03  -9.4469768539357461e-03   1.1499942928650409e-03 #xyz tv1
           4.2988430590814967e-03  -1.1438210551563776e-02   0.0000000000000000e+00 #xyz tv2
           1.8891703168448758e-03  -1.1688820908071180e-02   0.0000000000000000e+00 -1 169 #xyz tv3 fid bid
           3.1387239282100396e-03  -9.6477403320701198e-03   0.0000000000000000e+00 #xyz tv0
           4.2988430590814967e-03  -1.1438210551563776e-02   0.0000000000000000e+00 #xyz tv1
           3.1335449006822304e-03  -9.4469768539357461e-03   1.1499942928650409e-03 #xyz tv2
           4.6928904733354653e-03  -7.6718266613375191e-03   0.0000000000000000e+00 -1 169 #xyz tv3 fid bid
           3.1387239282100396e-03  -9.6477403320701198e-03   0.0000000000000000e+00 #xyz ev0
           3.1335449006822304e-03  -9.4469768539357461e-03   1.1499942928650409e-03 -1 169 #xyz ev1 fid bid
   0   0.000000000000e+00   0.000000000000e+00   0.000000000000e+00 #flag location
END_ERR 
G3dErrFileVersion 2025R1
FlagFileMetaData Begin
   Mesh Size - Setup, Refinement, Pass #6, Freq. 4.000000e+09 :Title    
   Listing of mesh elements with poor quality. :ToolTip  
   hf3d :Author   
   1768923196 :TimeStamp
   mm :UnitName 
   1.0000000000000000e-03 :UnitConv
FlagFileMetaData End
BEGIN_ERR 
26 Small mesh segment detected on body : sample_holder
 Small mesh segment detected on body : sample_holder 
 Segment Statistics - Number of Segments : 1 --- Segment length(s) : 0.001153mm 
1 -1  # nfids, fids[]
1 169  # nbids, bids[]
      6 0 1 0 #ntets ntri ned npts
           3.2093294232071953e-03  -9.4952296717841205e-03   0.0000000000000000e+00 #xyz tv0
           3.1335449006822304e-03  -9.4469768539357461e-03   1.1499942928650409e-03 #xyz tv1
           5.8228477243032761e-03  -9.5390139237996798e-03   0.0000000000000000e+00 #xyz tv2
           4.2988430590814967e-03  -1.1438210551563776e-02   0.0000000000000000e+00 -1 169 #xyz tv3 fid bid
           3.2093294232071953e-03  -9.4952296717841205e-03   0.0000000000000000e+00 #xyz tv0
           5.8228477243032761e-03  -9.5390139237996798e-03   0.0000000000000000e+00 #xyz tv1
           3.1335449006822304e-03  -9.4469768539357461e-03   1.1499942928650409e-03 #xyz tv2
           4.6928904733354653e-03  -7.6718266613375191e-03   0.0000000000000000e+00 -1 169 #xyz tv3 fid bid
           3.2093294232071953e-03  -9.4952296717841205e-03   0.0000000000000000e+00 #xyz tv0
           3.1335449006822304e-03  -9.4469768539357461e-03   1.1499942928650409e-03 #xyz tv1
           4.2988430590814967e-03  -1.1438210551563776e-02   0.0000000000000000e+00 #xyz tv2
           1.9273320847960865e-03  -1.1809158462928156e-02   0.0000000000000000e+00 -1 169 #xyz tv3 fid bid
           1.7607963820330222e-03  -6.7384522864311971e-03   1.3173673714074433e-03 #xyz tv0
           3.2093294232071953e-03  -9.4952296717841205e-03   0.0000000000000000e+00 #xyz tv1
           3.1335449006822304e-03  -9.4469768539357461e-03   1.1499942928650409e-03 #xyz tv2
           4.6928904733354653e-03  -7.6718266613375191e-03   0.0000000000000000e+00 -1 169 #xyz tv3 fid bid
           5.9758380764932107e-04  -9.6339498179661559e-03   0.0000000000000000e+00 #xyz tv0
           3.1335449006822304e-03  -9.4469768539357461e-03   1.1499942928650409e-03 #xyz tv1
           3.2093294232071953e-03  -9.4952296717841205e-03   0.0000000000000000e+00 #xyz tv2
           1.9273320847960865e-03  -1.1809158462928156e-02   0.0000000000000000e+00 -1 169 #xyz tv3 fid bid
           1.7607963820330222e-03  -6.7384522864311971e-03   1.3173673714074433e-03 #xyz tv0
           5.9758380764932107e-04  -9.6339498179661559e-03   0.0000000000000000e+00 #xyz tv1
           3.1335449006822304e-03  -9.4469768539357461e-03   1.1499942928650409e-03 #xyz tv2
           3.2093294232071953e-03  -9.4952296717841205e-03   0.0000000000000000e+00 -1 169 #xyz tv3 fid bid
           3.2093294232071953e-03  -9.4952296717841205e-03   0.0000000000000000e+00 #xyz ev0
           3.1335449006822304e-03  -9.4469768539357461e-03   1.1499942928650409e-03 -1 169 #xyz ev1 fid bid
   0   0.000000000000e+00   0.000000000000e+00   0.000000000000e+00 #flag location
END_ERR 
