G3dErrFileVersion 2025R1
FlagFileMetaData Begin
   Mesh Size - Setup, Refinement, Pass #1, Freq. 1.000000e+09 :Title    
   Listing of mesh elements with poor quality. :ToolTip  
   hf3d :Author   
   1768926600 :TimeStamp
   mm :UnitName 
   1.0000000000000000e-03 :UnitConv
FlagFileMetaData End
BEGIN_ERR 
26 Small mesh segment detected on body : main
 Small mesh segment detected on body : main 
 Segment Statistics - Number of Segments : 1 --- Segment length(s) : 0.001735mm 
1 -1  # nfids, fids[]
1 298  # nbids, bids[]
      5 0 1 0 #ntets ntri ned npts
           9.9277329673675641e-01  -5.6027177027665118e-03   0.0000000000000000e+00 #xyz tv0
           9.9511555433186993e-01  -1.5706775774397808e-03  -3.2622393858164943e-03 #xyz tv1
           9.8874451302222122e-01  -6.4816557585962720e-03  -2.2914111714992841e-03 #xyz tv2
           9.9014974091844254e-01  -7.4984955467479854e-03  -2.2914111714992841e-03 -1 298 #xyz tv3 fid bid
           9.9169930924918159e-01  -1.1100193931138945e-02  -4.4197155260850864e-03 #xyz tv0
           9.8874451302222122e-01  -6.4816557585962720e-03  -2.2914111714992841e-03 #xyz tv1
           9.9637471328777627e-01  -3.7041615284501808e-03  -1.1513809773483983e-02 #xyz tv2
           9.9014974091844254e-01  -7.4984955467479854e-03  -2.2914111714992841e-03 -1 298 #xyz tv3 fid bid
           9.9511555433186993e-01  -1.5706775774397808e-03  -3.2622393858164943e-03 #xyz tv0
           9.9637471328777627e-01  -3.7041615284501808e-03  -1.1513809773483983e-02 #xyz tv1
           9.8874451302222122e-01  -6.4816557585962720e-03  -2.2914111714992841e-03 #xyz tv2
           9.9014974091844254e-01  -7.4984955467479854e-03  -2.2914111714992841e-03 -1 298 #xyz tv3 fid bid
           9.9000000000000021e-01  -9.2422485351562507e-03   0.0000000000000000e+00 #xyz tv0
           9.8874451302222122e-01  -6.4816557585962720e-03  -2.2914111714992841e-03 #xyz tv1
           9.9169930924918159e-01  -1.1100193931138945e-02  -4.4197155260850864e-03 #xyz tv2
           9.9014974091844254e-01  -7.4984955467479854e-03  -2.2914111714992841e-03 -1 298 #xyz tv3 fid bid
           9.9000000000000021e-01  -9.2422485351562507e-03   0.0000000000000000e+00 #xyz tv0
           9.9277329673675641e-01  -5.6027177027665118e-03   0.0000000000000000e+00 #xyz tv1
           9.8874451302222122e-01  -6.4816557585962720e-03  -2.2914111714992841e-03 #xyz tv2
           9.9014974091844254e-01  -7.4984955467479854e-03  -2.2914111714992841e-03 -1 298 #xyz tv3 fid bid
           9.9014974091844254e-01  -7.4984955467479854e-03  -2.2914111714992841e-03 #xyz ev0
           9.8874451302222122e-01  -6.4816557585962720e-03  -2.2914111714992841e-03 -1 298 #xyz ev1 fid bid
   0   0.000000000000e+00   0.000000000000e+00   0.000000000000e+00 #flag location
END_ERR 
G3dErrFileVersion 2025R1
FlagFileMetaData Begin
   Mesh Size - Setup, Refinement, Pass #2, Freq. 1.000000e+09 :Title    
   Listing of mesh elements with poor quality. :ToolTip  
   hf3d :Author   
   1768926602 :TimeStamp
   mm :UnitName 
   1.0000000000000000e-03 :UnitConv
FlagFileMetaData End
BEGIN_ERR 
26 Small mesh segment detected on body : main
 Small mesh segment detected on body : main 
 Segment Statistics - Number of Segments : 1 --- Segment length(s) : 0.001735mm 
1 -1  # nfids, fids[]
1 298  # nbids, bids[]
      5 0 1 0 #ntets ntri ned npts
           9.9277329673675641e-01  -5.6027177027665118e-03   0.0000000000000000e+00 #xyz tv0
           9.9513932283689932e-01  -1.4938245211976765e-03  -2.9754004006612650e-03 #xyz tv1
           9.8874451302222122e-01  -6.4816557585962720e-03  -2.2914111714992841e-03 #xyz tv2
           9.9014974091844254e-01  -7.4984955467479854e-03  -2.2914111714992841e-03 -1 298 #xyz tv3 fid bid
           9.9169930924918159e-01  -1.1100193931138945e-02  -4.4197155260850864e-03 #xyz tv0
           9.8874451302222122e-01  -6.4816557585962720e-03  -2.2914111714992841e-03 #xyz tv1
           9.9618697298092307e-01  -3.7565913032283384e-03  -1.0517808850595951e-02 #xyz tv2
           9.9014974091844254e-01  -7.4984955467479854e-03  -2.2914111714992841e-03 -1 298 #xyz tv3 fid bid
           9.9513932283689932e-01  -1.4938245211976765e-03  -2.9754004006612650e-03 #xyz tv0
           9.9618697298092307e-01  -3.7565913032283384e-03  -1.0517808850595951e-02 #xyz tv1
           9.8874451302222122e-01  -6.4816557585962720e-03  -2.2914111714992841e-03 #xyz tv2
           9.9014974091844254e-01  -7.4984955467479854e-03  -2.2914111714992841e-03 -1 298 #xyz tv3 fid bid
           9.9000000000000021e-01  -9.2619895935058608e-03   0.0000000000000000e+00 #xyz tv0
           9.8874451302222122e-01  -6.4816557585962720e-03  -2.2914111714992841e-03 #xyz tv1
           9.9169930924918159e-01  -1.1100193931138945e-02  -4.4197155260850864e-03 #xyz tv2
           9.9014974091844254e-01  -7.4984955467479854e-03  -2.2914111714992841e-03 -1 298 #xyz tv3 fid bid
           9.9000000000000021e-01  -9.2619895935058608e-03   0.0000000000000000e+00 #xyz tv0
           9.9277329673675641e-01  -5.6027177027665118e-03   0.0000000000000000e+00 #xyz tv1
           9.8874451302222122e-01  -6.4816557585962720e-03  -2.2914111714992841e-03 #xyz tv2
           9.9014974091844254e-01  -7.4984955467479854e-03  -2.2914111714992841e-03 -1 298 #xyz tv3 fid bid
           9.9014974091844254e-01  -7.4984955467479854e-03  -2.2914111714992841e-03 #xyz ev0
           9.8874451302222122e-01  -6.4816557585962720e-03  -2.2914111714992841e-03 -1 298 #xyz ev1 fid bid
   0   0.000000000000e+00   0.000000000000e+00   0.000000000000e+00 #flag location
END_ERR 
G3dErrFileVersion 2025R1
FlagFileMetaData Begin
   Mesh Size - Setup, Refinement, Pass #3, Freq. 1.000000e+09 :Title    
   Listing of mesh elements with poor quality. :ToolTip  
   hf3d :Author   
   1768926604 :TimeStamp
   mm :UnitName 
   1.0000000000000000e-03 :UnitConv
FlagFileMetaData End
BEGIN_ERR 
26 Small mesh segment detected on body : sample_holder
 Small mesh segment detected on body : sample_holder 
 Segment Statistics - Number of Segments : 1 --- Segment length(s) : 0.001700mm 
1 -1  # nfids, fids[]
1 326  # nbids, bids[]
      4 0 1 0 #ntets ntri ned npts
           9.9761775358875515e-01  -5.5406851577543647e-05   0.0000000000000000e+00 #xyz tv0
           9.9774264569865478e-01   9.6473197262810287e-04   2.2717309173955818e-03 #xyz tv1
           9.9877520597947944e-01  -6.8781859236309280e-04   1.0722690424708847e-03 #xyz tv2
           9.9490893965251470e-01  -1.9841830299468528e-03   0.0000000000000000e+00 -1 326 #xyz tv3 fid bid
           9.9761775358875515e-01  -5.5406851577543647e-05   0.0000000000000000e+00 #xyz tv0
           9.9877520597947944e-01  -6.8781859236309280e-04   1.0722690424708847e-03 #xyz tv1
           9.9774264569865478e-01   9.6473197262810287e-04   2.2717309173955818e-03 #xyz tv2
           1.0005976240886187e+00   2.1062397528923858e-03   0.0000000000000000e+00 -1 326 #xyz tv3 fid bid
           9.9761775358875515e-01  -5.5406851577543647e-05   0.0000000000000000e+00 #xyz tv0
           9.9877520597947944e-01  -6.8781859236309280e-04   1.0722690424708847e-03 #xyz tv1
           1.0003645170924562e+00  -2.8979458658229566e-03   0.0000000000000000e+00 #xyz tv2
           9.9490893965251470e-01  -1.9841830299468528e-03   0.0000000000000000e+00 -1 326 #xyz tv3 fid bid
           9.9761775358875515e-01  -5.5406851577543647e-05   0.0000000000000000e+00 #xyz tv0
           1.0003645170924562e+00  -2.8979458658229566e-03   0.0000000000000000e+00 #xyz tv1
           9.9877520597947944e-01  -6.8781859236309280e-04   1.0722690424708847e-03 #xyz tv2
           1.0005976240886187e+00   2.1062397528923858e-03   0.0000000000000000e+00 -1 326 #xyz tv3 fid bid
           9.9877520597947944e-01  -6.8781859236309280e-04   1.0722690424708847e-03 #xyz ev0
           9.9761775358875515e-01  -5.5406851577543647e-05   0.0000000000000000e+00 -1 326 #xyz ev1 fid bid
   0   0.000000000000e+00   0.000000000000e+00   0.000000000000e+00 #flag location
END_ERR 
G3dErrFileVersion 2025R1
FlagFileMetaData Begin
   Mesh Size - Setup, Refinement, Pass #4, Freq. 1.000000e+09 :Title    
   Listing of mesh elements with poor quality. :ToolTip  
   hf3d :Author   
   1768926606 :TimeStamp
   mm :UnitName 
   1.0000000000000000e-03 :UnitConv
FlagFileMetaData End
BEGIN_ERR 
26 Small mesh segment detected on body : sample_holder
 Small mesh segment detected on body : sample_holder 
 Segment Statistics - Number of Segments : 1 --- Segment length(s) : 0.001661mm 
1 -1  # nfids, fids[]
1 326  # nbids, bids[]
      4 0 1 0 #ntets ntri ned npts
           9.9761775358875515e-01  -5.5406851577543647e-05   0.0000000000000000e+00 #xyz tv0
           9.9772632134624539e-01   9.7434987940227496e-04   2.2942924200913535e-03 #xyz tv1
           9.9874384753782974e-01  -6.3105733172168254e-04   1.0766094537740046e-03 #xyz tv2
           9.9476695702019313e-01  -1.9295836141065700e-03   0.0000000000000000e+00 -1 326 #xyz tv3 fid bid
           9.9761775358875515e-01  -5.5406851577543647e-05   0.0000000000000000e+00 #xyz tv0
           9.9874384753782974e-01  -6.3105733172168254e-04   1.0766094537740046e-03 #xyz tv1
           9.9772632134624539e-01   9.7434987940227496e-04   2.2942924200913535e-03 #xyz tv2
           1.0006242491668433e+00   2.1925841440741398e-03   0.0000000000000000e+00 -1 326 #xyz tv3 fid bid
           9.9761775358875515e-01  -5.5406851577543647e-05   0.0000000000000000e+00 #xyz tv0
           9.9874384753782974e-01  -6.3105733172168254e-04   1.0766094537740046e-03 #xyz tv1
           1.0002002811532507e+00  -2.6028962453996636e-03   0.0000000000000000e+00 #xyz tv2
           9.9476695702019313e-01  -1.9295836141065700e-03   0.0000000000000000e+00 -1 326 #xyz tv3 fid bid
           9.9761775358875515e-01  -5.5406851577543647e-05   0.0000000000000000e+00 #xyz tv0
           1.0002002811532507e+00  -2.6028962453996636e-03   0.0000000000000000e+00 #xyz tv1
           9.9874384753782974e-01  -6.3105733172168254e-04   1.0766094537740046e-03 #xyz tv2
           1.0006242491668433e+00   2.1925841440741398e-03   0.0000000000000000e+00 -1 326 #xyz tv3 fid bid
           9.9874384753782974e-01  -6.3105733172168254e-04   1.0766094537740046e-03 #xyz ev0
           9.9761775358875515e-01  -5.5406851577543647e-05   0.0000000000000000e+00 -1 326 #xyz ev1 fid bid
   0   0.000000000000e+00   0.000000000000e+00   0.000000000000e+00 #flag location
END_ERR 
G3dErrFileVersion 2025R1
FlagFileMetaData Begin
   Mesh Size - Setup, Refinement, Pass #5, Freq. 1.000000e+09 :Title    
   Listing of mesh elements with poor quality. :ToolTip  
   hf3d :Author   
   1768926609 :TimeStamp
   mm :UnitName 
   1.0000000000000000e-03 :UnitConv
FlagFileMetaData End
BEGIN_ERR 
26 Small mesh segment detected on body : sample_holder
 Small mesh segment detected on body : sample_holder 
 Segment Statistics - Number of Segments : 1 --- Segment length(s) : 0.001661mm 
1 -1  # nfids, fids[]
1 326  # nbids, bids[]
      4 0 1 0 #ntets ntri ned npts
           9.9761775358875515e-01  -5.5406851577543647e-05   0.0000000000000000e+00 #xyz tv0
           9.9771982792255975e-01   9.7930748129906094e-04   2.2910956521385107e-03 #xyz tv1
           9.9874384753782974e-01  -6.3105733172168254e-04   1.0766094537740046e-03 #xyz tv2
           9.9473307964911628e-01  -1.9122128382095397e-03   0.0000000000000000e+00 -1 326 #xyz tv3 fid bid
           9.9761775358875515e-01  -5.5406851577543647e-05   0.0000000000000000e+00 #xyz tv0
           9.9874384753782974e-01  -6.3105733172168254e-04   1.0766094537740046e-03 #xyz tv1
           9.9771982792255975e-01   9.7930748129906094e-04   2.2910956521385107e-03 #xyz tv2
           1.0006242491668433e+00   2.1925841440741398e-03   0.0000000000000000e+00 -1 326 #xyz tv3 fid bid
           9.9761775358875515e-01  -5.5406851577543647e-05   0.0000000000000000e+00 #xyz tv0
           9.9874384753782974e-01  -6.3105733172168254e-04   1.0766094537740046e-03 #xyz tv1
           1.0001564929628435e+00  -2.5513671342994502e-03   0.0000000000000000e+00 #xyz tv2
           9.9473307964911628e-01  -1.9122128382095397e-03   0.0000000000000000e+00 -1 326 #xyz tv3 fid bid
           9.9761775358875515e-01  -5.5406851577543647e-05   0.0000000000000000e+00 #xyz tv0
           1.0001564929628435e+00  -2.5513671342994502e-03   0.0000000000000000e+00 #xyz tv1
           9.9874384753782974e-01  -6.3105733172168254e-04   1.0766094537740046e-03 #xyz tv2
           1.0006242491668433e+00   2.1925841440741398e-03   0.0000000000000000e+00 -1 326 #xyz tv3 fid bid
           9.9874384753782974e-01  -6.3105733172168254e-04   1.0766094537740046e-03 #xyz ev0
           9.9761775358875515e-01  -5.5406851577543647e-05   0.0000000000000000e+00 -1 326 #xyz ev1 fid bid
   0   0.000000000000e+00   0.000000000000e+00   0.000000000000e+00 #flag location
END_ERR 
G3dErrFileVersion 2025R1
FlagFileMetaData Begin
   Mesh Size - Setup, Refinement, Pass #6, Freq. 1.000000e+09 :Title    
   Listing of mesh elements with poor quality. :ToolTip  
   hf3d :Author   
   1768926612 :TimeStamp
   mm :UnitName 
   1.0000000000000000e-03 :UnitConv
FlagFileMetaData End
BEGIN_ERR 
26 Small mesh segment detected on body : sample_holder
 Small mesh segment detected on body : sample_holder 
 Segment Statistics - Number of Segments : 1 --- Segment length(s) : 0.001661mm 
1 -1  # nfids, fids[]
1 326  # nbids, bids[]
      4 0 1 0 #ntets ntri ned npts
           9.9761775358875515e-01  -5.5406851577543647e-05   0.0000000000000000e+00 #xyz tv0
           9.9747572674597051e-01   1.1595797458592428e-03   2.3326786721060552e-03 #xyz tv1
           9.9874384753782974e-01  -6.3105733172168254e-04   1.0766094537740046e-03 #xyz tv2
           9.9471175419222291e-01  -1.9014691868383757e-03   0.0000000000000000e+00 -1 326 #xyz tv3 fid bid
           9.9761775358875515e-01  -5.5406851577543647e-05   0.0000000000000000e+00 #xyz tv0
           9.9874384753782974e-01  -6.3105733172168254e-04   1.0766094537740046e-03 #xyz tv1
           9.9747572674597051e-01   1.1595797458592428e-03   2.3326786721060552e-03 #xyz tv2
           1.0006242491668433e+00   2.1925841440741398e-03   0.0000000000000000e+00 -1 326 #xyz tv3 fid bid
           9.9761775358875515e-01  -5.5406851577543647e-05   0.0000000000000000e+00 #xyz tv0
           9.9874384753782974e-01  -6.3105733172168254e-04   1.0766094537740046e-03 #xyz tv1
           1.0001277938600319e+00  -2.5248141819287744e-03   0.0000000000000000e+00 #xyz tv2
           9.9471175419222291e-01  -1.9014691868383757e-03   0.0000000000000000e+00 -1 326 #xyz tv3 fid bid
           9.9761775358875515e-01  -5.5406851577543647e-05   0.0000000000000000e+00 #xyz tv0
           1.0001277938600319e+00  -2.5248141819287744e-03   0.0000000000000000e+00 #xyz tv1
           9.9874384753782974e-01  -6.3105733172168254e-04   1.0766094537740046e-03 #xyz tv2
           1.0006242491668433e+00   2.1925841440741398e-03   0.0000000000000000e+00 -1 326 #xyz tv3 fid bid
           9.9874384753782974e-01  -6.3105733172168254e-04   1.0766094537740046e-03 #xyz ev0
           9.9761775358875515e-01  -5.5406851577543647e-05   0.0000000000000000e+00 -1 326 #xyz ev1 fid bid
   0   0.000000000000e+00   0.000000000000e+00   0.000000000000e+00 #flag location
END_ERR 
G3dErrFileVersion 2025R1
FlagFileMetaData Begin
   Mesh Size - Setup, Refinement, Pass #7, Freq. 1.000000e+09 :Title    
   Listing of mesh elements with poor quality. :ToolTip  
   hf3d :Author   
   1768926617 :TimeStamp
   mm :UnitName 
   1.0000000000000000e-03 :UnitConv
FlagFileMetaData End
BEGIN_ERR 
26 Small mesh segment detected on body : main
 Small mesh segment detected on body : main 
 Segment Statistics - Number of Segments : 1 --- Segment length(s) : 0.001433mm 
1 -1  # nfids, fids[]
1 298  # nbids, bids[]
      4 0 1 0 #ntets ntri ned npts
           9.9235587709611150e-01  -3.7491211069203451e-04   0.0000000000000000e+00 #xyz tv0
           9.9443356359580382e-01   3.1650618941722274e-03   0.0000000000000000e+00 #xyz tv1
           9.9212212190783977e-01  -8.8966889587975681e-04  -1.3165598978129183e-03 #xyz tv2
           9.9465105017893141e-01  -2.0154015060517587e-03   0.0000000000000000e+00 -1 298 #xyz tv3 fid bid
           9.9235587709611150e-01  -3.7491211069203451e-04   0.0000000000000000e+00 #xyz tv0
           9.9212212190783977e-01  -8.8966889587975681e-04  -1.3165598978129183e-03 #xyz tv1
           9.9443356359580382e-01   3.1650618941722274e-03   0.0000000000000000e+00 #xyz tv2
           9.9000000000000021e-01   1.1516449654543068e-03   0.0000000000000000e+00 -1 298 #xyz tv3 fid bid
           9.9235587709611150e-01  -3.7491211069203451e-04   0.0000000000000000e+00 #xyz tv0
           9.9212212190783977e-01  -8.8966889587975681e-04  -1.3165598978129183e-03 #xyz tv1
           9.9000000000000021e-01  -3.5371398925781250e-03   0.0000000000000000e+00 #xyz tv2
           9.9465105017893141e-01  -2.0154015060517587e-03   0.0000000000000000e+00 -1 298 #xyz tv3 fid bid
           9.9235587709611150e-01  -3.7491211069203451e-04   0.0000000000000000e+00 #xyz tv0
           9.9000000000000021e-01  -3.5371398925781250e-03   0.0000000000000000e+00 #xyz tv1
           9.9212212190783977e-01  -8.8966889587975681e-04  -1.3165598978129183e-03 #xyz tv2
           9.9000000000000021e-01   1.1516449654543068e-03   0.0000000000000000e+00 -1 298 #xyz tv3 fid bid
           9.9235587709611150e-01  -3.7491211069203451e-04   0.0000000000000000e+00 #xyz ev0
           9.9212212190783977e-01  -8.8966889587975681e-04  -1.3165598978129183e-03 -1 298 #xyz ev1 fid bid
   0   0.000000000000e+00   0.000000000000e+00   0.000000000000e+00 #flag location
END_ERR 
BEGIN_ERR 
26 Small mesh segment detected on body : sample_holder
 Small mesh segment detected on body : sample_holder 
 Segment Statistics - Number of Segments : 1 --- Segment length(s) : 0.001724mm 
1 -1  # nfids, fids[]
1 326  # nbids, bids[]
      4 0 1 0 #ntets ntri ned npts
           9.9741917707133532e-01   1.0186796919949498e-03   2.2208375480857888e-03 #xyz tv0
           9.9761775358875515e-01  -5.5406851577543647e-05   0.0000000000000000e+00 #xyz tv1
           9.9743573992549339e-01  -2.3731457433637934e-03   0.0000000000000000e+00 #xyz tv2
           9.9886159874541369e-01  -5.8997486926321105e-04   1.0674284406739815e-03 -1 326 #xyz tv3 fid bid
           9.9743573992549339e-01  -2.3731457433637934e-03   0.0000000000000000e+00 #xyz tv0
           9.9886159874541369e-01  -5.8997486926321105e-04   1.0674284406739815e-03 #xyz tv1
           9.9761775358875515e-01  -5.5406851577543647e-05   0.0000000000000000e+00 #xyz tv2
           1.0001433349903466e+00  -2.6583706334375977e-03   0.0000000000000000e+00 -1 326 #xyz tv3 fid bid
           9.9761775358875515e-01  -5.5406851577543647e-05   0.0000000000000000e+00 #xyz tv0
           9.9886159874541369e-01  -5.8997486926321105e-04   1.0674284406739815e-03 #xyz tv1
           9.9741917707133532e-01   1.0186796919949498e-03   2.2208375480857888e-03 #xyz tv2
           1.0007999038268860e+00   2.0164891507025171e-03   0.0000000000000000e+00 -1 326 #xyz tv3 fid bid
           9.9761775358875515e-01  -5.5406851577543647e-05   0.0000000000000000e+00 #xyz tv0
           1.0001433349903466e+00  -2.6583706334375977e-03   0.0000000000000000e+00 #xyz tv1
           9.9886159874541369e-01  -5.8997486926321105e-04   1.0674284406739815e-03 #xyz tv2
           1.0007999038268860e+00   2.0164891507025171e-03   0.0000000000000000e+00 -1 326 #xyz tv3 fid bid
           9.9886159874541369e-01  -5.8997486926321105e-04   1.0674284406739815e-03 #xyz ev0
           9.9761775358875515e-01  -5.5406851577543647e-05   0.0000000000000000e+00 -1 326 #xyz ev1 fid bid
   0   0.000000000000e+00   0.000000000000e+00   0.000000000000e+00 #flag location
END_ERR 
G3dErrFileVersion 2025R1
FlagFileMetaData Begin
   Mesh Size - Setup, Refinement, Pass #8, Freq. 1.000000e+09 :Title    
   Listing of mesh elements with poor quality. :ToolTip  
   hf3d :Author   
   1768926622 :TimeStamp
   mm :UnitName 
   1.0000000000000000e-03 :UnitConv
FlagFileMetaData End
BEGIN_ERR 
26 Small mesh segment detected on body : main
 Small mesh segment detected on body : main 
 Segment Statistics - Number of Segments : 1 --- Segment length(s) : 0.001416mm 
1 -1  # nfids, fids[]
1 298  # nbids, bids[]
      5 0 1 0 #ntets ntri ned npts
           9.9241687549379620e-01   2.5910194126879324e-03  -1.4472142686329128e-03 #xyz tv0
           9.9232622332124298e-01  -3.2655690957377002e-04   0.0000000000000000e+00 #xyz tv1
           9.9436245570946014e-01   6.1034550374545668e-04   0.0000000000000000e+00 #xyz tv2
           9.9203541690558605e-01  -1.1262075898251507e-03  -1.1324466177201327e-03 -1 298 #xyz tv3 fid bid
           9.9436245570946014e-01   6.1034550374545668e-04   0.0000000000000000e+00 #xyz tv0
           9.9203541690558605e-01  -1.1262075898251507e-03  -1.1324466177201327e-03 #xyz tv1
           9.9232622332124298e-01  -3.2655690957377002e-04   0.0000000000000000e+00 #xyz tv2
           9.9451456594244780e-01  -2.0903837709320503e-03   0.0000000000000000e+00 -1 298 #xyz tv3 fid bid
           9.9000000000000021e-01   1.3802582566043908e-03   0.0000000000000000e+00 #xyz tv0
           9.9232622332124298e-01  -3.2655690957377002e-04   0.0000000000000000e+00 #xyz tv1
           9.9241687549379620e-01   2.5910194126879324e-03  -1.4472142686329128e-03 #xyz tv2
           9.9203541690558605e-01  -1.1262075898251507e-03  -1.1324466177201327e-03 -1 298 #xyz tv3 fid bid
           9.9232622332124298e-01  -3.2655690957377002e-04   0.0000000000000000e+00 #xyz tv0
           9.9203541690558605e-01  -1.1262075898251507e-03  -1.1324466177201327e-03 #xyz tv1
           9.9000000000000021e-01  -2.8418261929573081e-03   0.0000000000000000e+00 #xyz tv2
           9.9451456594244780e-01  -2.0903837709320503e-03   0.0000000000000000e+00 -1 298 #xyz tv3 fid bid
           9.9232622332124298e-01  -3.2655690957377002e-04   0.0000000000000000e+00 #xyz tv0
           9.9000000000000021e-01  -2.8418261929573081e-03   0.0000000000000000e+00 #xyz tv1
           9.9203541690558605e-01  -1.1262075898251507e-03  -1.1324466177201327e-03 #xyz tv2
           9.9000000000000021e-01   1.3802582566043908e-03   0.0000000000000000e+00 -1 298 #xyz tv3 fid bid
           9.9203541690558605e-01  -1.1262075898251507e-03  -1.1324466177201327e-03 #xyz ev0
           9.9232622332124298e-01  -3.2655690957377002e-04   0.0000000000000000e+00 -1 298 #xyz ev1 fid bid
   0   0.000000000000e+00   0.000000000000e+00   0.000000000000e+00 #flag location
END_ERR 
BEGIN_ERR 
26 Small mesh segment detected on body : sample_holder
 Small mesh segment detected on body : sample_holder 
 Segment Statistics - Number of Segments : 1 --- Segment length(s) : 0.001457mm 
1 -1  # nfids, fids[]
1 326  # nbids, bids[]
      5 0 1 0 #ntets ntri ned npts
           9.9752889453005389e-01  -2.6856081481236539e-03   0.0000000000000000e+00 #xyz tv0
           1.0005365823018919e+00  -4.7237860051609010e-03   1.4285627184888790e-03 #xyz tv1
           1.0005258606361858e+00  -5.0102275992170908e-03   0.0000000000000000e+00 #xyz tv2
           9.9743055138424808e-01  -6.1625994621419249e-03   0.0000000000000000e+00 -1 326 #xyz tv3 fid bid
           9.9752889453005389e-01  -2.6856081481236539e-03   0.0000000000000000e+00 #xyz tv0
           1.0005258606361858e+00  -5.0102275992170908e-03   0.0000000000000000e+00 #xyz tv1
           1.0005365823018919e+00  -4.7237860051609010e-03   1.4285627184888790e-03 #xyz tv2
           1.0001433349903466e+00  -2.6583706334375977e-03   0.0000000000000000e+00 -1 326 #xyz tv3 fid bid
           1.0005258606361858e+00  -5.0102275992170908e-03   0.0000000000000000e+00 #xyz tv0
           9.9743055138424808e-01  -6.1625994621419249e-03   0.0000000000000000e+00 #xyz tv1
           1.0005365823018919e+00  -4.7237860051609010e-03   1.4285627184888790e-03 #xyz tv2
           1.0012138189869777e+00  -7.5851097033264757e-03   0.0000000000000000e+00 -1 326 #xyz tv3 fid bid
           1.0005258606361858e+00  -5.0102275992170908e-03   0.0000000000000000e+00 #xyz tv0
           1.0043471407673161e+00  -4.2961123456751339e-03   0.0000000000000000e+00 #xyz tv1
           1.0005365823018919e+00  -4.7237860051609010e-03   1.4285627184888790e-03 #xyz tv2
           1.0001433349903466e+00  -2.6583706334375977e-03   0.0000000000000000e+00 -1 326 #xyz tv3 fid bid
           1.0005258606361858e+00  -5.0102275992170908e-03   0.0000000000000000e+00 #xyz tv0
           1.0005365823018919e+00  -4.7237860051609010e-03   1.4285627184888790e-03 #xyz tv1
           1.0043471407673161e+00  -4.2961123456751339e-03   0.0000000000000000e+00 #xyz tv2
           1.0012138189869777e+00  -7.5851097033264757e-03   0.0000000000000000e+00 -1 326 #xyz tv3 fid bid
           1.0005258606361858e+00  -5.0102275992170908e-03   0.0000000000000000e+00 #xyz ev0
           1.0005365823018919e+00  -4.7237860051609010e-03   1.4285627184888790e-03 -1 326 #xyz ev1 fid bid
   0   0.000000000000e+00   0.000000000000e+00   0.000000000000e+00 #flag location
END_ERR 
G3dErrFileVersion 2025R1
FlagFileMetaData Begin
   Mesh Size - Setup, Refinement, Pass #9, Freq. 1.000000e+09 :Title    
   Listing of mesh elements with poor quality. :ToolTip  
   hf3d :Author   
   1768926630 :TimeStamp
   mm :UnitName 
   1.0000000000000000e-03 :UnitConv
FlagFileMetaData End
BEGIN_ERR 
26 Small mesh segment detected on body : sample_holder
 Small mesh segment detected on body : sample_holder 
 Segment Statistics - Number of Segments : 1 --- Segment length(s) : 0.001113mm 
1 -1  # nfids, fids[]
1 326  # nbids, bids[]
      7 0 1 0 #ntets ntri ned npts
           9.9903273841597307e-01  -3.7046970766422774e-03   7.1428135924443952e-04 #xyz tv0
           1.0002907861266661e+00  -5.0400874474086539e-03   0.0000000000000000e+00 #xyz tv1
           9.9743055138424808e-01  -6.1625994621419249e-03   0.0000000000000000e+00 #xyz tv2
           1.0001394712083831e+00  -5.0754137118002394e-03   1.1024168043269767e-03 -1 326 #xyz tv3 fid bid
           9.9932208346307605e-01  -7.0078583735868564e-03   0.0000000000000000e+00 #xyz tv0
           1.0002907861266661e+00  -5.0400874474086539e-03   0.0000000000000000e+00 #xyz tv1
           1.0001394712083831e+00  -5.0754137118002394e-03   1.1024168043269767e-03 #xyz tv2
           9.9743055138424808e-01  -6.1625994621419249e-03   0.0000000000000000e+00 -1 326 #xyz tv3 fid bid
           9.9903273841597307e-01  -3.7046970766422774e-03   7.1428135924443952e-04 #xyz tv0
           1.0001433349903466e+00  -2.6583706334375977e-03   0.0000000000000000e+00 #xyz tv1
           1.0002907861266661e+00  -5.0400874474086539e-03   0.0000000000000000e+00 #xyz tv2
           1.0001394712083831e+00  -5.0754137118002394e-03   1.1024168043269767e-03 -1 326 #xyz tv3 fid bid
           9.9932208346307605e-01  -7.0078583735868564e-03   0.0000000000000000e+00 #xyz tv0
           1.0001394712083831e+00  -5.0754137118002394e-03   1.1024168043269767e-03 #xyz tv1
           1.0002907861266661e+00  -5.0400874474086539e-03   0.0000000000000000e+00 #xyz tv2
           1.0011279679763212e+00  -7.4635093817661388e-03   0.0000000000000000e+00 -1 326 #xyz tv3 fid bid
           1.0023091553901653e+00  -3.4969318381949744e-03   0.0000000000000000e+00 #xyz tv0
           1.0001394712083831e+00  -5.0754137118002394e-03   1.1024168043269767e-03 #xyz tv1
           1.0002907861266661e+00  -5.0400874474086539e-03   0.0000000000000000e+00 #xyz tv2
           1.0001433349903466e+00  -2.6583706334375977e-03   0.0000000000000000e+00 -1 326 #xyz tv3 fid bid
           1.0027804798771469e+00  -5.9406110245008043e-03   0.0000000000000000e+00 #xyz tv0
           1.0002907861266661e+00  -5.0400874474086539e-03   0.0000000000000000e+00 #xyz tv1
           1.0001394712083831e+00  -5.0754137118002394e-03   1.1024168043269767e-03 #xyz tv2
           1.0011279679763212e+00  -7.4635093817661388e-03   0.0000000000000000e+00 -1 326 #xyz tv3 fid bid
           1.0027804798771469e+00  -5.9406110245008043e-03   0.0000000000000000e+00 #xyz tv0
           1.0023091553901653e+00  -3.4969318381949744e-03   0.0000000000000000e+00 #xyz tv1
           1.0001394712083831e+00  -5.0754137118002394e-03   1.1024168043269767e-03 #xyz tv2
           1.0002907861266661e+00  -5.0400874474086539e-03   0.0000000000000000e+00 -1 326 #xyz tv3 fid bid
           1.0001394712083831e+00  -5.0754137118002394e-03   1.1024168043269767e-03 #xyz ev0
           1.0002907861266661e+00  -5.0400874474086539e-03   0.0000000000000000e+00 -1 326 #xyz ev1 fid bid
   0   0.000000000000e+00   0.000000000000e+00   0.000000000000e+00 #flag location
END_ERR 
BEGIN_ERR 
26 Small mesh segment detected on body : sample_holder
 Small mesh segment detected on body : sample_holder 
 Segment Statistics - Number of Segments : 1 --- Segment length(s) : 0.001194mm 
1 -1  # nfids, fids[]
1 326  # nbids, bids[]
      6 0 1 0 #ntets ntri ned npts
           9.9606132217481469e-01  -1.0905200382774158e-02   1.6184504988147048e-03 #xyz tv0
           9.9486571427569848e-01  -1.2019426157289724e-02   0.0000000000000000e+00 #xyz tv1
           9.9411850726982898e-01  -9.9215932971447214e-03   1.3619602462386488e-03 #xyz tv2
           9.9462797536562608e-01  -1.2405092846056528e-02   1.1048322988312744e-03 -1 326 #xyz tv3 fid bid
           9.9411850726982898e-01  -9.9215932971447214e-03   1.3619602462386488e-03 #xyz tv0
           9.9486571427569848e-01  -1.2019426157289724e-02   0.0000000000000000e+00 #xyz tv1
           9.9253780099132771e-01  -1.1890436099316615e-02   0.0000000000000000e+00 #xyz tv2
           9.9462797536562608e-01  -1.2405092846056528e-02   1.1048322988312744e-03 -1 326 #xyz tv3 fid bid
           9.9692780387913915e-01  -1.1930041951831907e-02   0.0000000000000000e+00 #xyz tv0
           9.9486571427569848e-01  -1.2019426157289724e-02   0.0000000000000000e+00 #xyz tv1
           9.9606132217481469e-01  -1.0905200382774158e-02   1.6184504988147048e-03 #xyz tv2
           9.9462797536562608e-01  -1.2405092846056528e-02   1.1048322988312744e-03 -1 326 #xyz tv3 fid bid
           9.9486571427569848e-01  -1.2019426157289724e-02   0.0000000000000000e+00 #xyz tv0
           9.9462797536562608e-01  -1.2405092846056528e-02   1.1048322988312744e-03 #xyz tv1
           9.9433629125589518e-01  -1.5000000000000003e-02   0.0000000000000000e+00 #xyz tv2
           9.9253780099132771e-01  -1.1890436099316615e-02   0.0000000000000000e+00 -1 326 #xyz tv3 fid bid
           9.9663657736615285e-01  -1.5000000000000003e-02   0.0000000000000000e+00 #xyz tv0
           9.9462797536562608e-01  -1.2405092846056528e-02   1.1048322988312744e-03 #xyz tv1
           9.9486571427569848e-01  -1.2019426157289724e-02   0.0000000000000000e+00 #xyz tv2
           9.9692780387913915e-01  -1.1930041951831907e-02   0.0000000000000000e+00 -1 326 #xyz tv3 fid bid
           9.9663657736615285e-01  -1.5000000000000003e-02   0.0000000000000000e+00 #xyz tv0
           9.9486571427569848e-01  -1.2019426157289724e-02   0.0000000000000000e+00 #xyz tv1
           9.9462797536562608e-01  -1.2405092846056528e-02   1.1048322988312744e-03 #xyz tv2
           9.9433629125589518e-01  -1.5000000000000003e-02   0.0000000000000000e+00 -1 326 #xyz tv3 fid bid
           9.9486571427569848e-01  -1.2019426157289724e-02   0.0000000000000000e+00 #xyz ev0
           9.9462797536562608e-01  -1.2405092846056528e-02   1.1048322988312744e-03 -1 326 #xyz ev1 fid bid
   0   0.000000000000e+00   0.000000000000e+00   0.000000000000e+00 #flag location
END_ERR 
BEGIN_ERR 
26 Small mesh segment detected on body : main
 Small mesh segment detected on body : main 
 Segment Statistics - Number of Segments : 1 --- Segment length(s) : 0.001218mm 
1 -1  # nfids, fids[]
1 298  # nbids, bids[]
      6 0 1 0 #ntets ntri ned npts
           1.0010563175730454e+00  -6.4446917095040282e-03  -2.8887527748450667e-03 #xyz tv0
           1.0033057910876528e+00  -7.8256403280313955e-03   0.0000000000000000e+00 #xyz tv1
           1.0049459481237033e+00  -6.0324752603767400e-03   0.0000000000000000e+00 #xyz tv2
           1.0055240999944257e+00  -6.3092557721198279e-03  -1.0353238797202926e-03 -1 298 #xyz tv3 fid bid
           1.0055240999944257e+00  -6.3092557721198279e-03  -1.0353238797202926e-03 #xyz tv0
           1.0033057910876528e+00  -7.8256403280313955e-03   0.0000000000000000e+00 #xyz tv1
           1.0049459481237033e+00  -6.0324752603767400e-03   0.0000000000000000e+00 #xyz tv2
           1.0056084131084240e+00  -8.1161435711011899e-03   0.0000000000000000e+00 -1 298 #xyz tv3 fid bid
           1.0010563175730454e+00  -6.4446917095040282e-03  -2.8887527748450667e-03 #xyz tv0
           1.0049459481237033e+00  -6.0324752603767400e-03   0.0000000000000000e+00 #xyz tv1
           1.0042087015186141e+00  -4.2388446089445947e-03   0.0000000000000000e+00 #xyz tv2
           1.0055240999944257e+00  -6.3092557721198279e-03  -1.0353238797202926e-03 -1 298 #xyz tv3 fid bid
           1.0049459481237033e+00  -6.0324752603767400e-03   0.0000000000000000e+00 #xyz tv0
           1.0075154075378867e+00  -5.6285978123194868e-03   0.0000000000000000e+00 #xyz tv1
           1.0055240999944257e+00  -6.3092557721198279e-03  -1.0353238797202926e-03 #xyz tv2
           1.0056084131084240e+00  -8.1161435711011899e-03   0.0000000000000000e+00 -1 298 #xyz tv3 fid bid
           1.0055240999944257e+00  -6.3092557721198279e-03  -1.0353238797202926e-03 #xyz tv0
           1.0057851102747959e+00  -3.6871685001602958e-03   0.0000000000000000e+00 #xyz tv1
           1.0049459481237033e+00  -6.0324752603767400e-03   0.0000000000000000e+00 #xyz tv2
           1.0042087015186141e+00  -4.2388446089445947e-03   0.0000000000000000e+00 -1 298 #xyz tv3 fid bid
           1.0055240999944257e+00  -6.3092557721198279e-03  -1.0353238797202926e-03 #xyz tv0
           1.0049459481237033e+00  -6.0324752603767400e-03   0.0000000000000000e+00 #xyz tv1
           1.0057851102747959e+00  -3.6871685001602958e-03   0.0000000000000000e+00 #xyz tv2
           1.0075154075378867e+00  -5.6285978123194868e-03   0.0000000000000000e+00 -1 298 #xyz tv3 fid bid
           1.0055240999944257e+00  -6.3092557721198279e-03  -1.0353238797202926e-03 #xyz ev0
           1.0049459481237033e+00  -6.0324752603767400e-03   0.0000000000000000e+00 -1 298 #xyz ev1 fid bid
   0   0.000000000000e+00   0.000000000000e+00   0.000000000000e+00 #flag location
END_ERR 
G3dErrFileVersion 2025R1
FlagFileMetaData Begin
   Mesh Size - Setup, Refinement, Pass #10, Freq. 1.000000e+09 :Title    
   Listing of mesh elements with poor quality. :ToolTip  
   hf3d :Author   
   1768926640 :TimeStamp
   mm :UnitName 
   1.0000000000000000e-03 :UnitConv
FlagFileMetaData End
BEGIN_ERR 
26 Small mesh segment detected on body : sample_holder
 Small mesh segment detected on body : sample_holder 
 Segment Statistics - Number of Segments : 1 --- Segment length(s) : 0.000761mm 
1 -1  # nfids, fids[]
1 326  # nbids, bids[]
      5 0 1 0 #ntets ntri ned npts
           1.0001179381845100e+00  -3.7983314363571365e-03   7.3128015703786790e-04 #xyz tv0
           9.9903273841597307e-01  -3.7046970766422774e-03   7.1428135924443952e-04 #xyz tv1
           9.9898272100991159e-01  -3.9621935015396997e-03   0.0000000000000000e+00 #xyz tv2
           1.0000829410301795e+00  -2.6597554728857928e-03   0.0000000000000000e+00 -1 326 #xyz tv3 fid bid
           1.0001179381845100e+00  -3.7983314363571365e-03   7.3128015703786790e-04 #xyz tv0
           9.9898272100991159e-01  -3.9621935015396997e-03   0.0000000000000000e+00 #xyz tv1
           9.9903273841597307e-01  -3.7046970766422774e-03   7.1428135924443952e-04 #xyz tv2
           9.9999387322357747e-01  -5.0959317356962207e-03   1.1267441129848650e-03 -1 326 #xyz tv3 fid bid
           9.9898272100991159e-01  -3.9621935015396997e-03   0.0000000000000000e+00 #xyz tv0
           1.0000829410301795e+00  -2.6597554728857928e-03   0.0000000000000000e+00 #xyz tv1
           9.9903273841597307e-01  -3.7046970766422774e-03   7.1428135924443952e-04 #xyz tv2
           9.9751080796372749e-01  -2.6656176828604543e-03   0.0000000000000000e+00 -1 326 #xyz tv3 fid bid
           9.9811999825046538e-01  -4.4647216648736714e-03   1.1656781661378915e-03 #xyz tv0
           9.9898272100991159e-01  -3.9621935015396997e-03   0.0000000000000000e+00 #xyz tv1
           9.9999387322357747e-01  -5.0959317356962207e-03   1.1267441129848650e-03 #xyz tv2
           9.9903273841597307e-01  -3.7046970766422774e-03   7.1428135924443952e-04 -1 326 #xyz tv3 fid bid
           9.9751080796372749e-01  -2.6656176828604543e-03   0.0000000000000000e+00 #xyz tv0
           9.9898272100991159e-01  -3.9621935015396997e-03   0.0000000000000000e+00 #xyz tv1
           9.9811999825046538e-01  -4.4647216648736714e-03   1.1656781661378915e-03 #xyz tv2
           9.9903273841597307e-01  -3.7046970766422774e-03   7.1428135924443952e-04 -1 326 #xyz tv3 fid bid
           9.9903273841597307e-01  -3.7046970766422774e-03   7.1428135924443952e-04 #xyz ev0
           9.9898272100991159e-01  -3.9621935015396997e-03   0.0000000000000000e+00 -1 326 #xyz ev1 fid bid
   0   0.000000000000e+00   0.000000000000e+00   0.000000000000e+00 #flag location
END_ERR 
BEGIN_ERR 
26 Small mesh segment detected on body : sample_holder
 Small mesh segment detected on body : sample_holder 
 Segment Statistics - Number of Segments : 1 --- Segment length(s) : 0.000831mm 
1 -1  # nfids, fids[]
1 326  # nbids, bids[]
      4 0 1 0 #ntets ntri ned npts
           1.0035047588446961e+00  -2.8038131728987748e-03   0.0000000000000000e+00 #xyz tv0
           1.0038239999306038e+00  -3.0393540414885164e-03   7.2994417042453142e-04 #xyz tv1
           1.0042087015186141e+00  -4.2388446089445947e-03   0.0000000000000000e+00 #xyz tv2
           1.0023091553901655e+00  -3.4969318381949744e-03   0.0000000000000000e+00 -1 326 #xyz tv3 fid bid
           1.0035047588446961e+00  -2.8038131728987748e-03   0.0000000000000000e+00 #xyz tv0
           1.0042087015186141e+00  -4.2388446089445947e-03   0.0000000000000000e+00 #xyz tv1
           1.0038239999306038e+00  -3.0393540414885164e-03   7.2994417042453142e-04 #xyz tv2
           1.0047437512083832e+00  -1.9895212620317042e-03   0.0000000000000000e+00 -1 326 #xyz tv3 fid bid
           1.0035047588446961e+00  -2.8038131728987748e-03   0.0000000000000000e+00 #xyz tv0
           1.0024982776649929e+00  -1.2292669909389283e-03   0.0000000000000000e+00 #xyz tv1
           1.0038239999306038e+00  -3.0393540414885164e-03   7.2994417042453142e-04 #xyz tv2
           1.0023091553901655e+00  -3.4969318381949744e-03   0.0000000000000000e+00 -1 326 #xyz tv3 fid bid
           1.0035047588446961e+00  -2.8038131728987748e-03   0.0000000000000000e+00 #xyz tv0
           1.0038239999306038e+00  -3.0393540414885164e-03   7.2994417042453142e-04 #xyz tv1
           1.0024982776649929e+00  -1.2292669909389283e-03   0.0000000000000000e+00 #xyz tv2
           1.0047437512083832e+00  -1.9895212620317042e-03   0.0000000000000000e+00 -1 326 #xyz tv3 fid bid
           1.0035047588446961e+00  -2.8038131728987748e-03   0.0000000000000000e+00 #xyz ev0
           1.0038239999306038e+00  -3.0393540414885164e-03   7.2994417042453142e-04 -1 326 #xyz ev1 fid bid
   0   0.000000000000e+00   0.000000000000e+00   0.000000000000e+00 #flag location
END_ERR 
BEGIN_ERR 
26 Small mesh segment detected on body : sample_holder
 Small mesh segment detected on body : sample_holder 
 Segment Statistics - Number of Segments : 1 --- Segment length(s) : 0.000905mm 
1 -1  # nfids, fids[]
1 326  # nbids, bids[]
      5 0 1 0 #ntets ntri ned npts
           1.0035379435720557e+00  -2.9867680757642218e-04   0.0000000000000000e+00 #xyz tv0
           1.0018386065092137e+00   3.5263572019330583e-04   0.0000000000000000e+00 #xyz tv1
           1.0032583995939008e+00   1.1886761834223196e-04   7.5327608269092159e-04 #xyz tv2
