G3dErrFileVersion 2025R1
FlagFileMetaData Begin
   Mesh Size - Setup, Refinement, Pass #1, Freq. 1.000000e+09 :Title    
   Listing of mesh elements with poor quality. :ToolTip  
   hf3d :Author   
   1768924226 :TimeStamp
   mm :UnitName 
   1.0000000000000000e-03 :UnitConv
FlagFileMetaData End
BEGIN_ERR 
26 Small mesh segment detected on body : main
 Small mesh segment detected on body : main 
 Segment Statistics - Number of Segments : 1 --- Segment length(s) : 0.000750mm 
1 -1  # nfids, fids[]
1 1306  # nbids, bids[]
      5 0 1 0 #ntets ntri ned npts
           1.0765953893117901e+00   2.6465334333333399e-02   0.0000000000000000e+00 #xyz tv0
           1.1052499999999998e+00  -7.1769985000000591e-03  -1.9000000000000006e-01 #xyz tv1
           1.1030000000000000e+00   9.3911500749999960e-02  -1.9000000000000006e-01 #xyz tv2
           1.1022500000000002e+00   9.3911500749999960e-02  -1.9000000000000006e-01 -1 1306 #xyz tv3 fid bid
           1.1022500000000002e+00   9.3911500749999960e-02  -1.9000000000000006e-01 #xyz tv0
           1.1052499999999998e+00  -7.1769985000000591e-03  -1.9000000000000006e-01 #xyz tv1
           1.1030000000000000e+00   9.3911500749999960e-02  -1.9000000000000006e-01 #xyz tv2
           1.0905000000000000e+00   1.9499999999999995e-01  -3.8000000000000012e-01 -1 1306 #xyz tv3 fid bid
           1.0765953893117901e+00   2.6465334333333399e-02   0.0000000000000000e+00 #xyz tv0
           1.1030000000000000e+00   9.3911500749999960e-02  -1.9000000000000006e-01 #xyz tv1
           1.0765953893117901e+00   3.3965334333333402e-02   0.0000000000000000e+00 #xyz tv2
           1.1022500000000002e+00   9.3911500749999960e-02  -1.9000000000000006e-01 -1 1306 #xyz tv3 fid bid
           1.1022500000000002e+00   9.3911500749999960e-02  -1.9000000000000006e-01 #xyz tv0
           1.1030000000000000e+00   9.3911500749999960e-02  -1.9000000000000006e-01 #xyz tv1
           1.1140000000000001e+00   1.9499999999999995e-01   0.0000000000000000e+00 #xyz tv2
           1.0905000000000000e+00   1.9499999999999995e-01  -3.8000000000000012e-01 -1 1306 #xyz tv3 fid bid
           1.0765953893117901e+00   3.3965334333333402e-02   0.0000000000000000e+00 #xyz tv0
           1.1030000000000000e+00   9.3911500749999960e-02  -1.9000000000000006e-01 #xyz tv1
           1.1140000000000001e+00   1.9499999999999995e-01   0.0000000000000000e+00 #xyz tv2
           1.1022500000000002e+00   9.3911500749999960e-02  -1.9000000000000006e-01 -1 1306 #xyz tv3 fid bid
           1.1022500000000002e+00   9.3911500749999960e-02  -1.9000000000000006e-01 #xyz ev0
           1.1030000000000000e+00   9.3911500749999960e-02  -1.9000000000000006e-01 -1 1306 #xyz ev1 fid bid
   0   0.000000000000e+00   0.000000000000e+00   0.000000000000e+00 #flag location
END_ERR 
G3dErrFileVersion 2025R1
FlagFileMetaData Begin
   Mesh Size - Setup, Refinement, Pass #2, Freq. 1.000000e+09 :Title    
   Listing of mesh elements with poor quality. :ToolTip  
   hf3d :Author   
   1768924228 :TimeStamp
   mm :UnitName 
   1.0000000000000000e-03 :UnitConv
FlagFileMetaData End
BEGIN_ERR 
26 Small mesh segment detected on body : main
 Small mesh segment detected on body : main 
 Segment Statistics - Number of Segments : 1 --- Segment length(s) : 0.000750mm 
1 -1  # nfids, fids[]
1 1306  # nbids, bids[]
      5 0 1 0 #ntets ntri ned npts
           1.0765953893117901e+00   2.6465334333333399e-02   0.0000000000000000e+00 #xyz tv0
           1.1052499999999998e+00  -7.1769985000000591e-03  -1.9000000000000006e-01 #xyz tv1
           1.1030000000000000e+00   9.3911500749999960e-02  -1.9000000000000006e-01 #xyz tv2
           1.1022500000000002e+00   9.3911500749999960e-02  -1.9000000000000006e-01 -1 1306 #xyz tv3 fid bid
           1.1022500000000002e+00   9.3911500749999960e-02  -1.9000000000000006e-01 #xyz tv0
           1.1052499999999998e+00  -7.1769985000000591e-03  -1.9000000000000006e-01 #xyz tv1
           1.1030000000000000e+00   9.3911500749999960e-02  -1.9000000000000006e-01 #xyz tv2
           1.0905000000000000e+00   1.9499999999999995e-01  -3.8000000000000012e-01 -1 1306 #xyz tv3 fid bid
           1.0765953893117901e+00   2.6465334333333399e-02   0.0000000000000000e+00 #xyz tv0
           1.1030000000000000e+00   9.3911500749999960e-02  -1.9000000000000006e-01 #xyz tv1
           1.0765953893117901e+00   3.3965334333333402e-02   0.0000000000000000e+00 #xyz tv2
           1.1022500000000002e+00   9.3911500749999960e-02  -1.9000000000000006e-01 -1 1306 #xyz tv3 fid bid
           1.1022500000000002e+00   9.3911500749999960e-02  -1.9000000000000006e-01 #xyz tv0
           1.1030000000000000e+00   9.3911500749999960e-02  -1.9000000000000006e-01 #xyz tv1
           1.1140000000000001e+00   1.9499999999999995e-01   0.0000000000000000e+00 #xyz tv2
           1.0905000000000000e+00   1.9499999999999995e-01  -3.8000000000000012e-01 -1 1306 #xyz tv3 fid bid
           1.0765953893117901e+00   3.3965334333333402e-02   0.0000000000000000e+00 #xyz tv0
           1.1030000000000000e+00   9.3911500749999960e-02  -1.9000000000000006e-01 #xyz tv1
           1.1140000000000001e+00   1.9499999999999995e-01   0.0000000000000000e+00 #xyz tv2
           1.1022500000000002e+00   9.3911500749999960e-02  -1.9000000000000006e-01 -1 1306 #xyz tv3 fid bid
           1.1022500000000002e+00   9.3911500749999960e-02  -1.9000000000000006e-01 #xyz ev0
           1.1030000000000000e+00   9.3911500749999960e-02  -1.9000000000000006e-01 -1 1306 #xyz ev1 fid bid
   0   0.000000000000e+00   0.000000000000e+00   0.000000000000e+00 #flag location
END_ERR 
G3dErrFileVersion 2025R1
FlagFileMetaData Begin
   Mesh Size - Setup, Refinement, Pass #3, Freq. 1.000000e+09 :Title    
   Listing of mesh elements with poor quality. :ToolTip  
   hf3d :Author   
   1768924229 :TimeStamp
   mm :UnitName 
   1.0000000000000000e-03 :UnitConv
FlagFileMetaData End
BEGIN_ERR 
26 Small mesh segment detected on body : main
 Small mesh segment detected on body : main 
 Segment Statistics - Number of Segments : 1 --- Segment length(s) : 0.000750mm 
1 -1  # nfids, fids[]
1 1306  # nbids, bids[]
      6 0 1 0 #ntets ntri ned npts
           1.1052499999999998e+00   1.9499999999999995e-01  -1.9000000000000006e-01 #xyz tv0
           1.1030000000000000e+00   9.3911500749999960e-02  -1.9000000000000006e-01 #xyz tv1
           1.1022500000000002e+00   9.3911500749999960e-02  -1.9000000000000006e-01 #xyz tv2
           1.1085000000000000e+00   1.4445575037499997e-01  -9.5000000000000029e-02 -1 1306 #xyz tv3 fid bid
           1.1085000000000000e+00   1.4445575037499997e-01  -9.5000000000000029e-02 #xyz tv0
           1.1022500000000002e+00   9.3911500749999960e-02  -1.9000000000000006e-01 #xyz tv1
           1.0765953893117901e+00   3.3965334333333402e-02   0.0000000000000000e+00 #xyz tv2
           1.1030000000000000e+00   9.3911500749999960e-02  -1.9000000000000006e-01 -1 1306 #xyz tv3 fid bid
           1.1052499999999998e+00   1.9499999999999995e-01  -1.9000000000000006e-01 #xyz tv0
           1.1022500000000002e+00   9.3911500749999960e-02  -1.9000000000000006e-01 #xyz tv1
           1.1030000000000000e+00   9.3911500749999960e-02  -1.9000000000000006e-01 #xyz tv2
           1.0905000000000000e+00   1.9499999999999995e-01  -3.8000000000000012e-01 -1 1306 #xyz tv3 fid bid
           1.0765953893117901e+00   2.6465334333333399e-02   0.0000000000000000e+00 #xyz tv0
           1.1030000000000000e+00   9.3911500749999960e-02  -1.9000000000000006e-01 #xyz tv1
           1.0765953893117901e+00   3.3965334333333402e-02   0.0000000000000000e+00 #xyz tv2
           1.1022500000000002e+00   9.3911500749999960e-02  -1.9000000000000006e-01 -1 1306 #xyz tv3 fid bid
           1.1022500000000002e+00   9.3911500749999960e-02  -1.9000000000000006e-01 #xyz tv0
           1.1052499999999998e+00  -7.1769985000000591e-03  -1.9000000000000006e-01 #xyz tv1
           1.1030000000000000e+00   9.3911500749999960e-02  -1.9000000000000006e-01 #xyz tv2
           1.0905000000000000e+00   1.9499999999999995e-01  -3.8000000000000012e-01 -1 1306 #xyz tv3 fid bid
           1.0765953893117901e+00   2.6465334333333399e-02   0.0000000000000000e+00 #xyz tv0
           1.1052499999999998e+00  -7.1769985000000591e-03  -1.9000000000000006e-01 #xyz tv1
           1.1030000000000000e+00   9.3911500749999960e-02  -1.9000000000000006e-01 #xyz tv2
           1.1022500000000002e+00   9.3911500749999960e-02  -1.9000000000000006e-01 -1 1306 #xyz tv3 fid bid
           1.1030000000000000e+00   9.3911500749999960e-02  -1.9000000000000006e-01 #xyz ev0
           1.1022500000000002e+00   9.3911500749999960e-02  -1.9000000000000006e-01 -1 1306 #xyz ev1 fid bid
   0   0.000000000000e+00   0.000000000000e+00   0.000000000000e+00 #flag location
END_ERR 
G3dErrFileVersion 2025R1
FlagFileMetaData Begin
   Mesh Size - Setup, Refinement, Pass #4, Freq. 1.000000e+09 :Title    
   Listing of mesh elements with poor quality. :ToolTip  
   hf3d :Author   
   1768924231 :TimeStamp
   mm :UnitName 
   1.0000000000000000e-03 :UnitConv
FlagFileMetaData End
BEGIN_ERR 
26 Small mesh segment detected on body : main
 Small mesh segment detected on body : main 
 Segment Statistics - Number of Segments : 1 --- Segment length(s) : 0.000750mm 
1 -1  # nfids, fids[]
1 1306  # nbids, bids[]
      6 0 1 0 #ntets ntri ned npts
           1.1052499999999998e+00   1.9499999999999995e-01  -1.9000000000000006e-01 #xyz tv0
           1.1030000000000000e+00   9.3911500749999960e-02  -1.9000000000000006e-01 #xyz tv1
           1.1022500000000002e+00   9.3911500749999960e-02  -1.9000000000000006e-01 #xyz tv2
           1.1085000000000000e+00   1.4445575037499997e-01  -9.5000000000000029e-02 -1 1306 #xyz tv3 fid bid
           1.1085000000000000e+00   1.4445575037499997e-01  -9.5000000000000029e-02 #xyz tv0
           1.1022500000000002e+00   9.3911500749999960e-02  -1.9000000000000006e-01 #xyz tv1
           1.0765953893117901e+00   3.3965334333333402e-02   0.0000000000000000e+00 #xyz tv2
           1.1030000000000000e+00   9.3911500749999960e-02  -1.9000000000000006e-01 -1 1306 #xyz tv3 fid bid
           1.1052499999999998e+00   1.9499999999999995e-01  -1.9000000000000006e-01 #xyz tv0
           1.1022500000000002e+00   9.3911500749999960e-02  -1.9000000000000006e-01 #xyz tv1
           1.1030000000000000e+00   9.3911500749999960e-02  -1.9000000000000006e-01 #xyz tv2
           1.0905000000000000e+00   1.9499999999999995e-01  -3.8000000000000012e-01 -1 1306 #xyz tv3 fid bid
           1.0765953893117901e+00   2.6465334333333399e-02   0.0000000000000000e+00 #xyz tv0
           1.1030000000000000e+00   9.3911500749999960e-02  -1.9000000000000006e-01 #xyz tv1
           1.0765953893117901e+00   3.3965334333333402e-02   0.0000000000000000e+00 #xyz tv2
           1.1022500000000002e+00   9.3911500749999960e-02  -1.9000000000000006e-01 -1 1306 #xyz tv3 fid bid
           1.1022500000000002e+00   9.3911500749999960e-02  -1.9000000000000006e-01 #xyz tv0
           1.1052499999999998e+00  -7.1769985000000591e-03  -1.9000000000000006e-01 #xyz tv1
           1.1030000000000000e+00   9.3911500749999960e-02  -1.9000000000000006e-01 #xyz tv2
           1.0905000000000000e+00   1.9499999999999995e-01  -3.8000000000000012e-01 -1 1306 #xyz tv3 fid bid
           1.0765953893117901e+00   2.6465334333333399e-02   0.0000000000000000e+00 #xyz tv0
           1.1052499999999998e+00  -7.1769985000000591e-03  -1.9000000000000006e-01 #xyz tv1
           1.1030000000000000e+00   9.3911500749999960e-02  -1.9000000000000006e-01 #xyz tv2
           1.1022500000000002e+00   9.3911500749999960e-02  -1.9000000000000006e-01 -1 1306 #xyz tv3 fid bid
           1.1030000000000000e+00   9.3911500749999960e-02  -1.9000000000000006e-01 #xyz ev0
           1.1022500000000002e+00   9.3911500749999960e-02  -1.9000000000000006e-01 -1 1306 #xyz ev1 fid bid
   0   0.000000000000e+00   0.000000000000e+00   0.000000000000e+00 #flag location
END_ERR 
G3dErrFileVersion 2025R1
FlagFileMetaData Begin
   Mesh Size - Setup, Refinement, Pass #5, Freq. 1.000000e+09 :Title    
   Listing of mesh elements with poor quality. :ToolTip  
   hf3d :Author   
   1768924234 :TimeStamp
   mm :UnitName 
   1.0000000000000000e-03 :UnitConv
FlagFileMetaData End
BEGIN_ERR 
26 Small mesh segment detected on body : main
 Small mesh segment detected on body : main 
 Segment Statistics - Number of Segments : 1 --- Segment length(s) : 0.000750mm 
1 -1  # nfids, fids[]
1 1306  # nbids, bids[]
      6 0 1 0 #ntets ntri ned npts
           1.1052499999999998e+00   1.9499999999999995e-01  -1.9000000000000006e-01 #xyz tv0
           1.1030000000000000e+00   9.3911500749999960e-02  -1.9000000000000006e-01 #xyz tv1
           1.1022500000000002e+00   9.3911500749999960e-02  -1.9000000000000006e-01 #xyz tv2
           1.1085000000000000e+00   1.4445575037499997e-01  -9.5000000000000029e-02 -1 1306 #xyz tv3 fid bid
           1.1085000000000000e+00   1.4445575037499997e-01  -9.5000000000000029e-02 #xyz tv0
           1.1022500000000002e+00   9.3911500749999960e-02  -1.9000000000000006e-01 #xyz tv1
           1.0765953893117901e+00   3.3965334333333402e-02   0.0000000000000000e+00 #xyz tv2
           1.1030000000000000e+00   9.3911500749999960e-02  -1.9000000000000006e-01 -1 1306 #xyz tv3 fid bid
           1.1052499999999998e+00   1.9499999999999995e-01  -1.9000000000000006e-01 #xyz tv0
           1.1022500000000002e+00   9.3911500749999960e-02  -1.9000000000000006e-01 #xyz tv1
           1.1030000000000000e+00   9.3911500749999960e-02  -1.9000000000000006e-01 #xyz tv2
           1.0905000000000000e+00   1.9499999999999995e-01  -3.8000000000000012e-01 -1 1306 #xyz tv3 fid bid
           1.0765953893117901e+00   2.6465334333333399e-02   0.0000000000000000e+00 #xyz tv0
           1.1030000000000000e+00   9.3911500749999960e-02  -1.9000000000000006e-01 #xyz tv1
           1.0765953893117901e+00   3.3965334333333402e-02   0.0000000000000000e+00 #xyz tv2
           1.1022500000000002e+00   9.3911500749999960e-02  -1.9000000000000006e-01 -1 1306 #xyz tv3 fid bid
           1.1022500000000002e+00   9.3911500749999960e-02  -1.9000000000000006e-01 #xyz tv0
           1.1052499999999998e+00  -7.1769985000000591e-03  -1.9000000000000006e-01 #xyz tv1
           1.1030000000000000e+00   9.3911500749999960e-02  -1.9000000000000006e-01 #xyz tv2
           1.0905000000000000e+00   1.9499999999999995e-01  -3.8000000000000012e-01 -1 1306 #xyz tv3 fid bid
           1.0765953893117901e+00   2.6465334333333399e-02   0.0000000000000000e+00 #xyz tv0
           1.1052499999999998e+00  -7.1769985000000591e-03  -1.9000000000000006e-01 #xyz tv1
           1.1030000000000000e+00   9.3911500749999960e-02  -1.9000000000000006e-01 #xyz tv2
           1.1022500000000002e+00   9.3911500749999960e-02  -1.9000000000000006e-01 -1 1306 #xyz tv3 fid bid
           1.1030000000000000e+00   9.3911500749999960e-02  -1.9000000000000006e-01 #xyz ev0
           1.1022500000000002e+00   9.3911500749999960e-02  -1.9000000000000006e-01 -1 1306 #xyz ev1 fid bid
   0   0.000000000000e+00   0.000000000000e+00   0.000000000000e+00 #flag location
END_ERR 
G3dErrFileVersion 2025R1
FlagFileMetaData Begin
   Mesh Size - Setup, Refinement, Pass #6, Freq. 1.000000e+09 :Title    
   Listing of mesh elements with poor quality. :ToolTip  
   hf3d :Author   
   1768924237 :TimeStamp
   mm :UnitName 
   1.0000000000000000e-03 :UnitConv
FlagFileMetaData End
BEGIN_ERR 
26 Small mesh segment detected on body : main
 Small mesh segment detected on body : main 
 Segment Statistics - Number of Segments : 1 --- Segment length(s) : 0.000750mm 
1 -1  # nfids, fids[]
1 1306  # nbids, bids[]
      6 0 1 0 #ntets ntri ned npts
           1.1052499999999998e+00   1.9499999999999995e-01  -1.9000000000000006e-01 #xyz tv0
           1.1030000000000000e+00   9.3911500749999960e-02  -1.9000000000000006e-01 #xyz tv1
           1.1022500000000002e+00   9.3911500749999960e-02  -1.9000000000000006e-01 #xyz tv2
           1.1085000000000000e+00   1.4445575037499997e-01  -9.5000000000000029e-02 -1 1306 #xyz tv3 fid bid
           1.1085000000000000e+00   1.4445575037499997e-01  -9.5000000000000029e-02 #xyz tv0
           1.1022500000000002e+00   9.3911500749999960e-02  -1.9000000000000006e-01 #xyz tv1
           1.0765953893117901e+00   3.3965334333333402e-02   0.0000000000000000e+00 #xyz tv2
           1.1030000000000000e+00   9.3911500749999960e-02  -1.9000000000000006e-01 -1 1306 #xyz tv3 fid bid
           1.1052499999999998e+00   1.9499999999999995e-01  -1.9000000000000006e-01 #xyz tv0
           1.1022500000000002e+00   9.3911500749999960e-02  -1.9000000000000006e-01 #xyz tv1
           1.1030000000000000e+00   9.3911500749999960e-02  -1.9000000000000006e-01 #xyz tv2
           1.0905000000000000e+00   1.9499999999999995e-01  -3.8000000000000012e-01 -1 1306 #xyz tv3 fid bid
           1.0765953893117901e+00   2.6465334333333399e-02   0.0000000000000000e+00 #xyz tv0
           1.1030000000000000e+00   9.3911500749999960e-02  -1.9000000000000006e-01 #xyz tv1
           1.0765953893117901e+00   3.3965334333333402e-02   0.0000000000000000e+00 #xyz tv2
           1.1022500000000002e+00   9.3911500749999960e-02  -1.9000000000000006e-01 -1 1306 #xyz tv3 fid bid
           1.1022500000000002e+00   9.3911500749999960e-02  -1.9000000000000006e-01 #xyz tv0
           1.1052499999999998e+00  -7.1769985000000591e-03  -1.9000000000000006e-01 #xyz tv1
           1.1030000000000000e+00   9.3911500749999960e-02  -1.9000000000000006e-01 #xyz tv2
           1.0905000000000000e+00   1.9499999999999995e-01  -3.8000000000000012e-01 -1 1306 #xyz tv3 fid bid
           1.0765953893117901e+00   2.6465334333333399e-02   0.0000000000000000e+00 #xyz tv0
           1.1052499999999998e+00  -7.1769985000000591e-03  -1.9000000000000006e-01 #xyz tv1
           1.1030000000000000e+00   9.3911500749999960e-02  -1.9000000000000006e-01 #xyz tv2
           1.1022500000000002e+00   9.3911500749999960e-02  -1.9000000000000006e-01 -1 1306 #xyz tv3 fid bid
           1.1030000000000000e+00   9.3911500749999960e-02  -1.9000000000000006e-01 #xyz ev0
           1.1022500000000002e+00   9.3911500749999960e-02  -1.9000000000000006e-01 -1 1306 #xyz ev1 fid bid
   0   0.000000000000e+00   0.000000000000e+00   0.000000000000e+00 #flag location
END_ERR 
G3dErrFileVersion 2025R1
FlagFileMetaData Begin
   Mesh Size - Setup, Refinement, Pass #7, Freq. 1.000000e+09 :Title    
   Listing of mesh elements with poor quality. :ToolTip  
   hf3d :Author   
   1768924240 :TimeStamp
   mm :UnitName 
   1.0000000000000000e-03 :UnitConv
FlagFileMetaData End
BEGIN_ERR 
26 Small mesh segment detected on body : main
 Small mesh segment detected on body : main 
 Segment Statistics - Number of Segments : 1 --- Segment length(s) : 0.000750mm 
1 -1  # nfids, fids[]
1 1306  # nbids, bids[]
      6 0 1 0 #ntets ntri ned npts
           1.1052499999999998e+00   1.9499999999999995e-01  -1.9000000000000006e-01 #xyz tv0
           1.1030000000000000e+00   9.3911500749999960e-02  -1.9000000000000006e-01 #xyz tv1
           1.1022500000000002e+00   9.3911500749999960e-02  -1.9000000000000006e-01 #xyz tv2
           1.1085000000000000e+00   1.4445575037499997e-01  -9.5000000000000029e-02 -1 1306 #xyz tv3 fid bid
           1.1085000000000000e+00   1.4445575037499997e-01  -9.5000000000000029e-02 #xyz tv0
           1.1022500000000002e+00   9.3911500749999960e-02  -1.9000000000000006e-01 #xyz tv1
           1.0765953893117901e+00   3.3965334333333402e-02   0.0000000000000000e+00 #xyz tv2
           1.1030000000000000e+00   9.3911500749999960e-02  -1.9000000000000006e-01 -1 1306 #xyz tv3 fid bid
           1.1052499999999998e+00   1.9499999999999995e-01  -1.9000000000000006e-01 #xyz tv0
           1.1022500000000002e+00   9.3911500749999960e-02  -1.9000000000000006e-01 #xyz tv1
           1.1030000000000000e+00   9.3911500749999960e-02  -1.9000000000000006e-01 #xyz tv2
           1.0905000000000000e+00   1.9499999999999995e-01  -3.8000000000000012e-01 -1 1306 #xyz tv3 fid bid
           1.0765953893117901e+00   2.6465334333333399e-02   0.0000000000000000e+00 #xyz tv0
           1.1030000000000000e+00   9.3911500749999960e-02  -1.9000000000000006e-01 #xyz tv1
           1.0765953893117901e+00   3.3965334333333402e-02   0.0000000000000000e+00 #xyz tv2
           1.1022500000000002e+00   9.3911500749999960e-02  -1.9000000000000006e-01 -1 1306 #xyz tv3 fid bid
           1.1022500000000002e+00   9.3911500749999960e-02  -1.9000000000000006e-01 #xyz tv0
           1.1052499999999998e+00  -7.1769985000000591e-03  -1.9000000000000006e-01 #xyz tv1
           1.1030000000000000e+00   9.3911500749999960e-02  -1.9000000000000006e-01 #xyz tv2
           1.0905000000000000e+00   1.9499999999999995e-01  -3.8000000000000012e-01 -1 1306 #xyz tv3 fid bid
           1.0765953893117901e+00   2.6465334333333399e-02   0.0000000000000000e+00 #xyz tv0
           1.1052499999999998e+00  -7.1769985000000591e-03  -1.9000000000000006e-01 #xyz tv1
           1.1030000000000000e+00   9.3911500749999960e-02  -1.9000000000000006e-01 #xyz tv2
           1.1022500000000002e+00   9.3911500749999960e-02  -1.9000000000000006e-01 -1 1306 #xyz tv3 fid bid
           1.1030000000000000e+00   9.3911500749999960e-02  -1.9000000000000006e-01 #xyz ev0
           1.1022500000000002e+00   9.3911500749999960e-02  -1.9000000000000006e-01 -1 1306 #xyz ev1 fid bid
   0   0.000000000000e+00   0.000000000000e+00   0.000000000000e+00 #flag location
END_ERR 
BEGIN_ERR 
26 Small mesh segment detected on body : sample_holder
 Small mesh segment detected on body : sample_holder 
 Segment Statistics - Number of Segments : 1 --- Segment length(s) : 0.001500mm 
2 -1  1307  # nfids, fids[]
2 1334  -1  # nbids, bids[]
      8 2 1 0 #ntets ntri ned npts
           7.3599999999999999e-01  -7.1769985000000314e-03   0.0000000000000000e+00 #xyz tv0
           7.3549291210254175e-01   2.2229345542873848e-02   2.7442919785558073e-02 #xyz tv1
           7.3586539040399512e-01   2.0244157617829318e-03   4.5966896199836363e-02 #xyz tv2
           7.3449999999999993e-01  -7.1769985000000452e-03   0.0000000000000000e+00 -1 1334 #xyz tv3 fid bid
           7.3599999999999999e-01  -7.1769985000000314e-03   0.0000000000000000e+00 #xyz tv0
           7.3586539040399512e-01   2.0244157617829318e-03   4.5966896199836363e-02 #xyz tv1
           7.2801355312591598e-01  -3.6190515097177987e-02   1.7360694792894059e-02 #xyz tv2
           7.3449999999999993e-01  -7.1769985000000452e-03   0.0000000000000000e+00 -1 1334 #xyz tv3 fid bid
           7.3599999999999999e-01  -7.1769985000000314e-03   0.0000000000000000e+00 #xyz tv0
           7.3599999999999999e-01   1.8095126312499973e-02   0.0000000000000000e+00 #xyz tv1
           7.3549291210254175e-01   2.2229345542873848e-02   2.7442919785558073e-02 #xyz tv2
           7.3449999999999993e-01  -7.1769985000000452e-03   0.0000000000000000e+00 -1 1334 #xyz tv3 fid bid
           7.3449999999999993e-01  -7.1769985000000452e-03   0.0000000000000000e+00 #xyz tv0
           7.3599999999999999e-01  -5.7721248125000027e-02   0.0000000000000000e+00 #xyz tv1
           7.2801355312591598e-01  -3.6190515097177987e-02   1.7360694792894059e-02 #xyz tv2
           7.3599999999999999e-01  -7.1769985000000314e-03   0.0000000000000000e+00 -1 1334 #xyz tv3 fid bid
           7.3449999999999993e-01  -7.1769985000000452e-03   0.0000000000000000e+00 #xyz tv0
           7.3599999999999999e-01   1.8095126312499973e-02   0.0000000000000000e+00 #xyz tv1
           7.3462848134537817e-01   1.7364698972286208e-02  -1.2112074162455050e-02 #xyz tv2
           7.3599999999999999e-01  -7.1769985000000314e-03   0.0000000000000000e+00 -1 1334 #xyz tv3 fid bid
           7.3449999999999993e-01  -7.1769985000000452e-03   0.0000000000000000e+00 #xyz tv0
           7.4363472516922524e-01  -3.8958841568062307e-02  -1.6374671939306501e-02 #xyz tv1
           7.3599999999999999e-01  -5.7721248125000027e-02   0.0000000000000000e+00 #xyz tv2
           7.3599999999999999e-01  -7.1769985000000314e-03   0.0000000000000000e+00 -1 1334 #xyz tv3 fid bid
           7.3599999999999999e-01  -7.1769985000000314e-03   0.0000000000000000e+00 #xyz tv0
           7.3661602281626748e-01  -2.2527898981570846e-03  -1.5213556465535329e-02 #xyz tv1
           7.3462848134537817e-01   1.7364698972286208e-02  -1.2112074162455050e-02 #xyz tv2
           7.3449999999999993e-01  -7.1769985000000452e-03   0.0000000000000000e+00 -1 1334 #xyz tv3 fid bid
           7.3449999999999993e-01  -7.1769985000000452e-03   0.0000000000000000e+00 #xyz tv0
           7.3661602281626748e-01  -2.2527898981570846e-03  -1.5213556465535329e-02 #xyz tv1
           7.4363472516922524e-01  -3.8958841568062307e-02  -1.6374671939306501e-02 #xyz tv2
           7.3599999999999999e-01  -7.1769985000000314e-03   0.0000000000000000e+00 -1 1334 #xyz tv3 fid bid
           7.3599999999999999e-01   1.8095126312499973e-02   0.0000000000000000e+00 #xyz tv0
           7.3449999999999993e-01  -7.1769985000000452e-03   0.0000000000000000e+00 #xyz tv1
           7.3599999999999999e-01  -7.1769985000000314e-03   0.0000000000000000e+00 1307 -1 #xyz tv2 fid bid
           7.3449999999999993e-01  -7.1769985000000452e-03   0.0000000000000000e+00 #xyz tv0
           7.3599999999999999e-01  -5.7721248125000027e-02   0.0000000000000000e+00 #xyz tv1
           7.3599999999999999e-01  -7.1769985000000314e-03   0.0000000000000000e+00 1307 -1 #xyz tv2 fid bid
           7.3449999999999993e-01  -7.1769985000000452e-03   0.0000000000000000e+00 #xyz ev0
           7.3599999999999999e-01  -7.1769985000000314e-03   0.0000000000000000e+00 -1 1334 #xyz ev1 fid bid
   0   0.000000000000e+00   0.000000000000e+00   0.000000000000e+00 #flag location
END_ERR 
G3dErrFileVersion 2025R1
FlagFileMetaData Begin
   Mesh Size - Setup, Refinement, Pass #8, Freq. 1.000000e+09 :Title    
   Listing of mesh elements with poor quality. :ToolTip  
   hf3d :Author   
   1768924245 :TimeStamp
   mm :UnitName 
   1.0000000000000000e-03 :UnitConv
FlagFileMetaData End
BEGIN_ERR 
26 Small mesh segment detected on body : main
 Small mesh segment detected on body : main 
 Segment Statistics - Number of Segments : 1 --- Segment length(s) : 0.000750mm 
1 -1  # nfids, fids[]
1 1306  # nbids, bids[]
      6 0 1 0 #ntets ntri ned npts
           1.1052499999999998e+00   1.9499999999999995e-01  -1.9000000000000006e-01 #xyz tv0
           1.1030000000000000e+00   9.3911500749999960e-02  -1.9000000000000006e-01 #xyz tv1
           1.1022500000000002e+00   9.3911500749999960e-02  -1.9000000000000006e-01 #xyz tv2
           1.1085000000000000e+00   1.4445575037499997e-01  -9.5000000000000029e-02 -1 1306 #xyz tv3 fid bid
           1.1085000000000000e+00   1.4445575037499997e-01  -9.5000000000000029e-02 #xyz tv0
           1.1022500000000002e+00   9.3911500749999960e-02  -1.9000000000000006e-01 #xyz tv1
           1.0765953893117901e+00   3.3965334333333402e-02   0.0000000000000000e+00 #xyz tv2
           1.1030000000000000e+00   9.3911500749999960e-02  -1.9000000000000006e-01 -1 1306 #xyz tv3 fid bid
           1.1052499999999998e+00   1.9499999999999995e-01  -1.9000000000000006e-01 #xyz tv0
           1.1022500000000002e+00   9.3911500749999960e-02  -1.9000000000000006e-01 #xyz tv1
           1.1030000000000000e+00   9.3911500749999960e-02  -1.9000000000000006e-01 #xyz tv2
           1.0905000000000000e+00   1.9499999999999995e-01  -3.8000000000000012e-01 -1 1306 #xyz tv3 fid bid
           1.0765953893117901e+00   2.6465334333333399e-02   0.0000000000000000e+00 #xyz tv0
           1.1030000000000000e+00   9.3911500749999960e-02  -1.9000000000000006e-01 #xyz tv1
           1.0765953893117901e+00   3.3965334333333402e-02   0.0000000000000000e+00 #xyz tv2
           1.1022500000000002e+00   9.3911500749999960e-02  -1.9000000000000006e-01 -1 1306 #xyz tv3 fid bid
           1.1022500000000002e+00   9.3911500749999960e-02  -1.9000000000000006e-01 #xyz tv0
           1.1052499999999998e+00  -7.1769985000000591e-03  -1.9000000000000006e-01 #xyz tv1
           1.1030000000000000e+00   9.3911500749999960e-02  -1.9000000000000006e-01 #xyz tv2
           1.0905000000000000e+00   1.9499999999999995e-01  -3.8000000000000012e-01 -1 1306 #xyz tv3 fid bid
           1.0765953893117901e+00   2.6465334333333399e-02   0.0000000000000000e+00 #xyz tv0
           1.1052499999999998e+00  -7.1769985000000591e-03  -1.9000000000000006e-01 #xyz tv1
           1.1030000000000000e+00   9.3911500749999960e-02  -1.9000000000000006e-01 #xyz tv2
           1.1022500000000002e+00   9.3911500749999960e-02  -1.9000000000000006e-01 -1 1306 #xyz tv3 fid bid
           1.1030000000000000e+00   9.3911500749999960e-02  -1.9000000000000006e-01 #xyz ev0
           1.1022500000000002e+00   9.3911500749999960e-02  -1.9000000000000006e-01 -1 1306 #xyz ev1 fid bid
   0   0.000000000000e+00   0.000000000000e+00   0.000000000000e+00 #flag location
END_ERR 
BEGIN_ERR 
26 Small mesh segment detected on body : sample_holder
 Small mesh segment detected on body : sample_holder 
 Segment Statistics - Number of Segments : 1 --- Segment length(s) : 0.001764mm 
2 -1  1307  # nfids, fids[]
2 1334  -1  # nbids, bids[]
      6 2 1 0 #ntets ntri ned npts
           1.3140000000000001e+00  -6.2489166329416646e-03   0.0000000000000000e+00 #xyz tv0
           1.3114050175147156e+00  -3.1112300359059852e-03   2.9837240087012079e-02 #xyz tv1
           1.3200000000000001e+00  -1.0579100094272771e-04   0.0000000000000000e+00 #xyz tv2
           1.3155000000000001e+00  -7.1769985000000314e-03   0.0000000000000000e+00 -1 1334 #xyz tv3 fid bid
           1.3150472145483201e+00  -2.3136995489950685e-02   1.4302184884744971e-02 #xyz tv0
           1.3140000000000001e+00  -6.2489166329416646e-03   0.0000000000000000e+00 #xyz tv1
           1.3155000000000001e+00  -7.1769985000000314e-03   0.0000000000000000e+00 #xyz tv2
           1.3114050175147156e+00  -3.1112300359059852e-03   2.9837240087012079e-02 -1 1334 #xyz tv3 fid bid
           1.3140000000000001e+00  -6.2489166329416646e-03   0.0000000000000000e+00 #xyz tv0
           1.3200000000000001e+00  -1.0579100094272771e-04   0.0000000000000000e+00 #xyz tv1
           1.3178037010694121e+00  -6.0674014985325868e-03  -1.0861690816008997e-02 #xyz tv2
           1.3155000000000001e+00  -7.1769985000000314e-03   0.0000000000000000e+00 -1 1334 #xyz tv3 fid bid
           1.3155000000000001e+00  -7.1769985000000314e-03   0.0000000000000000e+00 #xyz tv0
           1.3150472145483201e+00  -2.3136995489950685e-02   1.4302184884744971e-02 #xyz tv1
           1.3140000000000001e+00  -3.5474837684846765e-02   0.0000000000000000e+00 #xyz tv2
           1.3140000000000001e+00  -6.2489166329416646e-03   0.0000000000000000e+00 -1 1334 #xyz tv3 fid bid
           1.3155000000000001e+00  -7.1769985000000314e-03   0.0000000000000000e+00 #xyz tv0
           1.2985934947689426e+00  -2.4963072044286883e-02  -9.7254878560783537e-03 #xyz tv1
           1.3178037010694121e+00  -6.0674014985325868e-03  -1.0861690816008997e-02 #xyz tv2
           1.3140000000000001e+00  -6.2489166329416646e-03   0.0000000000000000e+00 -1 1334 #xyz tv3 fid bid
           1.3155000000000001e+00  -7.1769985000000314e-03   0.0000000000000000e+00 #xyz tv0
           1.3140000000000001e+00  -3.5474837684846765e-02   0.0000000000000000e+00 #xyz tv1
           1.2985934947689426e+00  -2.4963072044286883e-02  -9.7254878560783537e-03 #xyz tv2
           1.3140000000000001e+00  -6.2489166329416646e-03   0.0000000000000000e+00 -1 1334 #xyz tv3 fid bid
           1.3200000000000001e+00  -1.0579100094272771e-04   0.0000000000000000e+00 #xyz tv0
           1.3140000000000001e+00  -6.2489166329416646e-03   0.0000000000000000e+00 #xyz tv1
           1.3155000000000001e+00  -7.1769985000000314e-03   0.0000000000000000e+00 1307 -1 #xyz tv2 fid bid
           1.3140000000000001e+00  -3.5474837684846765e-02   0.0000000000000000e+00 #xyz tv0
           1.3155000000000001e+00  -7.1769985000000314e-03   0.0000000000000000e+00 #xyz tv1
           1.3140000000000001e+00  -6.2489166329416646e-03   0.0000000000000000e+00 1307 -1 #xyz tv2 fid bid
           1.3140000000000001e+00  -6.2489166329416646e-03   0.0000000000000000e+00 #xyz ev0
           1.3155000000000001e+00  -7.1769985000000314e-03   0.0000000000000000e+00 -1 1334 #xyz ev1 fid bid
   0   0.000000000000e+00   0.000000000000e+00   0.000000000000e+00 #flag location
END_ERR 
G3dErrFileVersion 2025R1
FlagFileMetaData Begin
   Mesh Size - Setup, Refinement, Pass #9, Freq. 1.000000e+09 :Title    
   Listing of mesh elements with poor quality. :ToolTip  
   hf3d :Author   
   1768924251 :TimeStamp
   mm :UnitName 
   1.0000000000000000e-03 :UnitConv
FlagFileMetaData End
BEGIN_ERR 
26 Small mesh segment detected on body : main
 Small mesh segment detected on body : main 
 Segment Statistics - Number of Segments : 1 --- Segment length(s) : 0.000750mm 
1 -1  # nfids, fids[]
1 1306  # nbids, bids[]
      6 0 1 0 #ntets ntri ned npts
           1.1052499999999998e+00   1.9499999999999995e-01  -1.9000000000000006e-01 #xyz tv0
           1.1030000000000000e+00   9.3911500749999960e-02  -1.9000000000000006e-01 #xyz tv1
           1.1022500000000002e+00   9.3911500749999960e-02  -1.9000000000000006e-01 #xyz tv2
           1.1085000000000000e+00   1.4445575037499997e-01  -9.5000000000000029e-02 -1 1306 #xyz tv3 fid bid
           1.1085000000000000e+00   1.4445575037499997e-01  -9.5000000000000029e-02 #xyz tv0
           1.1022500000000002e+00   9.3911500749999960e-02  -1.9000000000000006e-01 #xyz tv1
           1.0765953893117901e+00   3.3965334333333402e-02   0.0000000000000000e+00 #xyz tv2
           1.1030000000000000e+00   9.3911500749999960e-02  -1.9000000000000006e-01 -1 1306 #xyz tv3 fid bid
           1.1052499999999998e+00   1.9499999999999995e-01  -1.9000000000000006e-01 #xyz tv0
           1.1022500000000002e+00   9.3911500749999960e-02  -1.9000000000000006e-01 #xyz tv1
           1.1030000000000000e+00   9.3911500749999960e-02  -1.9000000000000006e-01 #xyz tv2
           1.0905000000000000e+00   1.9499999999999995e-01  -3.8000000000000012e-01 -1 1306 #xyz tv3 fid bid
           1.0765953893117901e+00   2.6465334333333399e-02   0.0000000000000000e+00 #xyz tv0
           1.1030000000000000e+00   9.3911500749999960e-02  -1.9000000000000006e-01 #xyz tv1
           1.0765953893117901e+00   3.3965334333333402e-02   0.0000000000000000e+00 #xyz tv2
           1.1022500000000002e+00   9.3911500749999960e-02  -1.9000000000000006e-01 -1 1306 #xyz tv3 fid bid
           1.1022500000000002e+00   9.3911500749999960e-02  -1.9000000000000006e-01 #xyz tv0
           1.1052499999999998e+00  -7.1769985000000591e-03  -1.9000000000000006e-01 #xyz tv1
           1.1030000000000000e+00   9.3911500749999960e-02  -1.9000000000000006e-01 #xyz tv2
           1.0905000000000000e+00   1.9499999999999995e-01  -3.8000000000000012e-01 -1 1306 #xyz tv3 fid bid
           1.0765953893117901e+00   2.6465334333333399e-02   0.0000000000000000e+00 #xyz tv0
           1.1052499999999998e+00  -7.1769985000000591e-03  -1.9000000000000006e-01 #xyz tv1
           1.1030000000000000e+00   9.3911500749999960e-02  -1.9000000000000006e-01 #xyz tv2
           1.1022500000000002e+00   9.3911500749999960e-02  -1.9000000000000006e-01 -1 1306 #xyz tv3 fid bid
           1.1030000000000000e+00   9.3911500749999960e-02  -1.9000000000000006e-01 #xyz ev0
           1.1022500000000002e+00   9.3911500749999960e-02  -1.9000000000000006e-01 -1 1306 #xyz ev1 fid bid
   0   0.000000000000e+00   0.000000000000e+00   0.000000000000e+00 #flag location
END_ERR 
BEGIN_ERR 
26 Small mesh segment detected on body : sample_holder
 Small mesh segment detected on body : sample_holder 
 Segment Statistics - Number of Segments : 1 --- Segment length(s) : 0.001764mm 
2 -1  1307  # nfids, fids[]
2 1334  -1  # nbids, bids[]
      6 2 1 0 #ntets ntri ned npts
           1.3163335174714548e+00  -2.4653015075058382e-03   1.0937010767654076e-02 #xyz tv0
           1.3140000000000001e+00  -6.2489166329416646e-03   0.0000000000000000e+00 #xyz tv1
           1.3155000000000001e+00  -7.1769985000000314e-03   0.0000000000000000e+00 #xyz tv2
           1.3200000000000001e+00  -4.6104034173305051e-03   0.0000000000000000e+00 -1 1334 #xyz tv3 fid bid
           1.3140000000000001e+00  -6.2489166329416646e-03   0.0000000000000000e+00 #xyz tv0
           1.3150472145483201e+00  -2.3136995489950685e-02   1.4302184884744971e-02 #xyz tv1
           1.3163335174714548e+00  -2.4653015075058382e-03   1.0937010767654076e-02 #xyz tv2
           1.3155000000000001e+00  -7.1769985000000314e-03   0.0000000000000000e+00 -1 1334 #xyz tv3 fid bid
           1.3140000000000001e+00  -6.2489166329416646e-03   0.0000000000000000e+00 #xyz tv0
           1.3200000000000001e+00  -4.6104034173305051e-03   0.0000000000000000e+00 #xyz tv1
           1.3178037010694121e+00  -6.0674014985325868e-03  -1.0861690816008997e-02 #xyz tv2
           1.3155000000000001e+00  -7.1769985000000314e-03   0.0000000000000000e+00 -1 1334 #xyz tv3 fid bid
           1.3155000000000001e+00  -7.1769985000000314e-03   0.0000000000000000e+00 #xyz tv0
           1.3150472145483201e+00  -2.3136995489950685e-02   1.4302184884744971e-02 #xyz tv1
           1.3140000000000001e+00  -3.1219859747780625e-02   0.0000000000000000e+00 #xyz tv2
           1.3140000000000001e+00  -6.2489166329416646e-03   0.0000000000000000e+00 -1 1334 #xyz tv3 fid bid
           1.3140000000000001e+00  -6.2489166329416646e-03   0.0000000000000000e+00 #xyz tv0
           1.3178037010694121e+00  -6.0674014985325868e-03  -1.0861690816008997e-02 #xyz tv1
           1.3189018505347061e+00  -2.1328359664963714e-02  -5.4308454080044984e-03 #xyz tv2
           1.3155000000000001e+00  -7.1769985000000314e-03   0.0000000000000000e+00 -1 1334 #xyz tv3 fid bid
           1.3140000000000001e+00  -6.2489166329416646e-03   0.0000000000000000e+00 #xyz tv0
           1.3189018505347061e+00  -2.1328359664963714e-02  -5.4308454080044984e-03 #xyz tv1
           1.3140000000000001e+00  -3.1219859747780625e-02   0.0000000000000000e+00 #xyz tv2
           1.3155000000000001e+00  -7.1769985000000314e-03   0.0000000000000000e+00 -1 1334 #xyz tv3 fid bid
           1.3200000000000001e+00  -4.6104034173305051e-03   0.0000000000000000e+00 #xyz tv0
           1.3140000000000001e+00  -6.2489166329416646e-03   0.0000000000000000e+00 #xyz tv1
           1.3155000000000001e+00  -7.1769985000000314e-03   0.0000000000000000e+00 1307 -1 #xyz tv2 fid bid
           1.3140000000000001e+00  -3.1219859747780625e-02   0.0000000000000000e+00 #xyz tv0
           1.3155000000000001e+00  -7.1769985000000314e-03   0.0000000000000000e+00 #xyz tv1
           1.3140000000000001e+00  -6.2489166329416646e-03   0.0000000000000000e+00 1307 -1 #xyz tv2 fid bid
           1.3140000000000001e+00  -6.2489166329416646e-03   0.0000000000000000e+00 #xyz ev0
           1.3155000000000001e+00  -7.1769985000000314e-03   0.0000000000000000e+00 -1 1334 #xyz ev1 fid bid
   0   0.000000000000e+00   0.000000000000e+00   0.000000000000e+00 #flag location
END_ERR 
BEGIN_ERR 
26 Small mesh segment detected on body : sample_holder
 Small mesh segment detected on body : sample_holder 
 Segment Statistics - Number of Segments : 1 --- Segment length(s) : 0.002044mm 
2 -1  1307  # nfids, fids[]
2 1334  -1  # nbids, bids[]
      5 2 1 0 #ntets ntri ned npts
           7.3192389403292180e-01   9.9915079825414449e-02   0.0000000000000000e+00 #xyz tv0
           7.2999999999999998e-01   1.2228338834583541e-01   0.0000000000000000e+00 #xyz tv1
           7.2486735776910349e-01   9.7775992693755476e-02   1.2520299902075937e-02 #xyz tv2
           7.2999999999999998e-01   9.9224745066457176e-02   0.0000000000000000e+00 -1 1334 #xyz tv3 fid bid
           7.3192389403292180e-01   9.9915079825414449e-02   0.0000000000000000e+00 #xyz tv0
